0 0 0
0.0151729 0.00274067 0.00510814
0.0198923 -0.00143542 -0.000908195
0.0134555 -0.0048594 0.00446615
0.0139158 -0.0038017 0.00594523
0.0145744 0.000343343 0.00671066
0.0120157 -0.00163267 0.0119954
0.0213586 -0.00583733 0.00969976
0.0159932 -0.00139051 0.00724723
0.00773969 -0.001489 0.0087877
0.0188502 -0.00327709 0.00972803
0.0154681 -0.00134818 0.00541634
0.0150772 -0.00252748 0.000697725
0.0169992 -0.00218734 0.00299636
0.017077 0.000127151 -0.0030566
0.00570541 0.00100936 0.00485896
0.015125 -0.000591568 0.00659904
0.0162401 0.00166752 0.00391958
0.0152141 -0.00142933 -0.00448721
0.0103894 -0.000958945 0.00241001
0.0158618 0.000137154 0.00603961
0.0124778 0.00460139 0.00170995
0.0192264 0.0012697 0.00486906
0.010452 0.00258215 -0.00249076
0.00438087 0.00112303 0.0111814
0.00918566 0.00334522 0.00471555
0.00861293 0.000532481 0.000844545
0.00449487 0.000725065 0.00697253
0.013627 0.000202674 0.00611655
0.0130856 0.00347192 0.00400987
0.00701581 0.0038802 -0.00111124
0.00518737 0.00521788 0.00819363
0.0179033 0.00123376 0.00901156
0.0135494 -9.76541e-05 -0.00550978
0.0158087 0.00168991 0.00209175
0.0250375 0.00192779 0.00247243
0.0165292 -0.000901682 0.00219423
0.00879175 0.00214244 -0.000328
0.0138435 0.00217231 0.0065336
0.019522 0.0016027 0.00512719
0.00873787 -0.000281713 0.00790301
0.0163132 -0.00124518 0.0124362
0.0163668 -0.00175995 0.00666653
0.0202404 0.00224156 0.00154284
0.0127869 -0.00198957 0.00100296
0.0181913 -0.00693292 0.00349109
0.0206164 -0.0108968 -0.0283531
0.0140403 -0.00959381 -0.0192281
0.0183815 -0.0171677 -0.0156603
0.0172555 -0.00739809 -0.00322182
0.0206804 -0.00254541 0.00368393
0.0176641 -0.00662929 -0.000680412
0.015475 -0.00495441 -0.00648887
0.0184238 -0.00517505 -0.00230346
0.0265223 -0.00577273 -0.000610365
0.0171557 -0.00626886 -0.00630219
0.028566 -0.00802109 -0.00912454
0.0254299 -0.00690618 -0.00551888
0.0214871 -0.00435558 -0.016948
0.0311578 -0.00880836 -0.0122278
0.0258576 -0.00635218 -0.00420051
0.0140073 -0.00854221 -0.0195302
0.0216345 -0.00375795 -0.0199298
0.020538 -0.00952364 -0.00947266
0.0235515 -0.00502732 -0.00952153
0.0173615 -0.00792384 -0.0108266
0.021423 -0.00976144 -0.0134418
0.0210062 -0.00895581 -0.00988019
0.0219767 -0.00892285 -0.0136271
0.0196434 -0.00587767 -0.00284872
0.0197901 -0.00297619 -0.0171933
0.00823056 -0.0078922 -0.0199856
0.00051655 -0.0115849 -0.00636701
-0.0485577 -0.00900582 -0.00939374
-0.14296 -0.0102219 -0.00116636
-0.274736 -0.0200916 -0.00377664
-0.46227 -0.0267354 -0.00697907
-0.836847 -0.0514921 -0.0762514
-1.4893 -0.10007 -0.156282
-2.37605 -0.181448 -0.188246
-3.30482 -0.237059 -0.0717398
-4.12712 -0.309571 0.145039
-4.76325 -0.366945 0.449998
-5.22373 -0.383652 0.720295
-5.51827 -0.409581 0.923434
-5.66475 -0.422407 1.05958
-5.74234 -0.428124 1.1208
-5.82365 -0.432638 1.19618
-5.81857 -0.432323 1.20012
-5.75478 -0.4275 1.11034
-5.64228 -0.42347 0.907084
-5.48747 -0.406359 0.600333
-5.31712 -0.385487 0.173988
-5.23869 -0.384306 -0.392524
-5.22927 -0.386394 -1.06499
-5.32513 -0.37698 -1.8154
-5.61739 -0.42959 -2.61218
-6.14997 -0.444229 -3.48061
-6.79211 -0.486777 -4.32098
-7.74459 -0.554506 -5.11223
-8.86686 -0.657489 -5.82107
-10.1732 -0.784088 -6.44855
-11.5347 -0.908332 -7.09178
-13.084 -1.06182 -7.64702
-14.6047 -1.22878 -8.2809
-16.2008 -1.38346 -8.86696
-17.801 -1.54981 -9.59918
-19.4749 -1.80914 -10.4423
-21.0647 -2.08743 -11.4023
-22.5437 -2.32255 -12.6308
-23.8589 -2.51288 -14.0234
-25.0342 -2.67816 -15.6103
-26.012 -2.74971 -17.4504
-26.7872 -2.78048 -19.3907
-27.336 -2.82472 -21.5177
-27.8348 -2.8645 -23.5762
-28.392 -2.89075 -25.713
-28.9638 -2.93832 -27.8851
-29.5867 -2.99359 -30.1394
-30.191 -3.05307 -32.4359
-30.8336 -3.10521 -34.8046
-31.4885 -3.19648 -37.2189
-32.13 -3.2707 -39.6891
-32.7893 -3.33964 -42.2409
-33.456 -3.4398 -44.8268
-34.1359 -3.52 -47.4891
-34.8359 -3.60805 -50.2608
-35.551 -3.6992 -53.0124
-36.2612 -3.77085 -55.8533
-36.9896 -3.85883 -58.8363
-37.7357 -3.9458 -61.7953
-38.4834 -4.05402 -64.8025
-39.232 -4.1554 -67.8446
-39.9944 -4.24641 -70.9727
-40.7807 -4.33751 -74.0586
-41.5231 -4.42276 -77.1796
-42.2409 -4.50224 -80.2924
-42.9978 -4.62009 -83.4575
-43.6964 -4.74687 -86.5786
-44.3576 -4.84741 -89.7606
-44.9703 -4.92597 -92.9582
-45.5532 -5.01047 -96.1868
-46.1474 -5.08352 -99.4497
-46.7158 -5.1717 -102.735
-47.28 -5.22409 -106.077
-47.8422 -5.29302 -109.451
-48.383 -5.38284 -112.843
-48.9543 -5.47898 -116.278
-49.5047 -5.57686 -119.706
-50.0883 -5.6638 -123.126
-50.6901 -5.75521 -126.57
-51.2668 -5.84314 -129.967
-51.8177 -5.94886 -133.285
-52.3587 -6.02631 -136.575
-52.8941 -6.07528 -139.818
-53.447 -6.15098 -143.068
-53.9997 -6.18031 -146.2
-54.5235 -6.24371 -149.283
-55.0475 -6.26438 -152.354
-55.5355 -6.37068 -155.38
-56.0144 -6.43762 -158.398
-56.451 -6.51428 -161.395
-56.8213 -6.55703 -164.504
-57.1772 -6.62361 -167.536
-57.469 -6.7084 -170.626
-57.6929 -6.80893 -173.746
-57.8685 -6.80044 -176.836
-57.9833 -6.89855 -179.88
-58.0745 -6.95697 -182.955
-58.1301 -7.03587 -185.964
-58.1263 -7.09144 -188.914
-58.1174 -7.11322 -191.766
-58.0718 -7.15521 -194.507
-57.9903 -7.19502 -197.091
-57.8742 -7.21136 -199.414
-57.8088 -7.24189 -201.465
-57.7246 -7.2048 -203.238
-57.5946 -7.20248 -204.977
-57.5034 -7.21158 -206.612
-57.3428 -7.30166 -208.253
-57.2099 -7.35864 -209.882
-57.0703 -7.37479 -211.776
-56.8754 -7.42084 -213.791
-56.6918 -7.48527 -216.038
-56.4985 -7.55281 -218.418
-56.3042 -7.62742 -220.967
-56.0376 -7.69082 -223.627
-55.801 -7.77999 -226.441
-55.5351 -7.8496 -229.337
-55.2516 -7.94472 -232.344
-54.8874 -8.06078 -235.478
-54.4728 -8.19002 -238.694
-54.0159 -8.31818 -241.964
-53.4474 -8.41692 -245.331
-52.8787 -8.49413 -248.61
-52.2404 -8.60073 -251.835
-51.6159 -8.68727 -255.038
-50.9829 -8.79108 -258.257
-50.2949 -8.93505 -261.489
-49.5685 -9.04697 -264.7
-48.8691 -9.13219 -267.939
-48.1063 -9.24714 -271.22
-47.3322 -9.33954 -274.452
-46.4921 -9.44823 -277.734
-45.5487 -9.52996 -280.97
-44.4927 -9.5686 -284.177
-43.3761 -9.61491 -287.345
-42.1052 -9.61226 -290.432
-40.7229 -9.58079 -293.487
-39.3103 -9.59474 -296.575
-37.8456 -9.60105 -299.61
-36.2393 -9.57093 -302.67
-34.6585 -9.55098 -305.614
-32.9988 -9.45012 -308.529
-31.3175 -9.36943 -311.424
-29.5794 -9.30182 -314.315
-27.8611 -9.23938 -317.184
-26.0999 -9.18175 -320.039
-24.4406 -9.12082 -322.865
-22.8443 -9.03001 -325.726
-21.4249 -8.93257 -328.615
-20.2555 -8.86355 -331.533
-19.2457 -8.83877 -334.502
-18.4732 -8.80579 -337.54
-17.9339 -8.81751 -340.485
-17.5644 -8.86353 -343.45
-17.3065 -8.90075 -346.472
-17.1293 -8.97743 -349.386
-16.9068 -9.03643 -352.279
-16.5666 -9.07468 -355.093
-16.1118 -9.10328 -357.913
-15.5522 -9.09784 -360.633
-14.7255 -9.10087 -363.295
-13.6971 -9.03241 -365.849
-12.3229 -8.94929 -368.225
-10.8407 -8.87722 -370.321
-9.12868 -8.73312 -372.028
-7.17478 -8.57835 -373.287
-5.12102 -8.37187 -373.977
-3.08795 -8.20732 -374.224
-1.13159 -7.99035 -374.023
0.757708 -7.82488 -373.46
2.53417 -7.65926 -372.414
4.27154 -7.49289 -371.041
5.93648 -7.35298 -369.369
7.61746 -7.18643 -367.528
9.41725 -7.04363 -365.49
11.2987 -6.88386 -363.316
13.3331 -6.72151 -361.067
15.5362 -6.56406 -358.752
17.9767 -6.40165 -356.323
20.5675 -6.25114 -353.853
23.3286 -6.10538 -351.231
26.1982 -5.99035 -348.531
29.1029 -5.90251 -345.832
32.0441 -5.81711 -343.112
35.1049 -5.72178 -340.347
38.1738 -5.6395 -337.583
41.2924 -5.58836 -334.74
44.4457 -5.54325 -331.879
47.5756 -5.51737 -329.025
50.7158 -5.50124 -326.094
53.8338 -5.48787 -323.177
56.8972 -5.4894 -320.245
59.9883 -5.4906 -317.325
62.9972 -5.50485 -314.503
65.9912 -5.47846 -311.72
68.9103 -5.48112 -309.053
71.8205 -5.48014 -306.423
74.6632 -5.49394 -303.832
77.433 -5.49791 -301.326
80.2181 -5.48912 -298.893
82.9784 -5.47745 -296.579
85.7289 -5.48507 -294.284
88.5401 -5.50539 -292.003
91.4298 -5.50643 -289.713
94.2891 -5.50929 -287.485
97.2318 -5.5018 -285.272
100.197 -5.48582 -283.116
103.24 -5.46975 -280.969
106.302 -5.4505 -278.835
109.38 -5.43095 -276.679
112.434 -5.42282 -274.54
115.503 -5.40267 -272.414
118.583 -5.38534 -270.216
121.679 -5.38745 -267.971
124.766 -5.42112 -265.739
127.907 -5.44634 -263.533
131.086 -5.50151 -261.309
134.25 -5.53628 -259.112
137.415 -5.5761 -256.911
140.61 -5.62706 -254.698
143.717 -5.69627 -252.543
146.718 -5.77507 -250.46
149.75 -5.85038 -248.319
152.751 -5.93388 -246.153
155.654 -6.02851 -244.083
158.502 -6.12148 -242.088
161.29 -6.20407 -240.12
163.994 -6.29106 -238.244
166.557 -6.36753 -236.434
168.972 -6.46298 -234.693
171.373 -6.54387 -232.92
173.853 -6.62224 -231.109
176.424 -6.70118 -229.274
179.138 -6.77928 -227.447
181.951 -6.87867 -225.556
184.92 -7.01068 -223.552
187.889 -7.06496 -221.513
190.891 -7.12751 -219.373
193.922 -7.22257 -217.117
197.071 -7.30651 -214.711
200.188 -7.37977 -212.315
203.284 -7.44798 -209.879
206.319 -7.53831 -207.507
209.322 -7.60924 -205.141
212.317 -7.69386 -202.797
215.356 -7.76233 -200.477
218.455 -7.85863 -198.173
221.604 -7.93709 -195.901
224.798 -8.02166 -193.606
228.03 -8.11229 -191.303
231.286 -8.19892 -188.983
234.53 -8.28562 -186.697
237.756 -8.3722 -184.409
240.875 -8.40585 -182.183
244.034 -8.43582 -179.889
247.116 -8.45347 -177.533
250.092 -8.44983 -175.193
252.942 -8.43777 -172.828
255.659 -8.42151 -170.379
258.307 -8.38102 -167.807
260.926 -8.36773 -165.156
263.49 -8.32991 -162.383
265.905 -8.29675 -159.633
268.22 -8.22685 -156.815
270.468 -8.16345 -153.975
272.554 -8.08685 -151.142
274.569 -8.00792 -148.296
276.423 -7.97582 -145.386
278.107 -7.97707 -142.504
279.565 -7.91812 -139.501
280.755 -7.88809 -136.544
281.666 -7.89954 -133.48
282.282 -7.93393 -130.449
282.556 -7.97941 -127.452
282.494 -8.09993 -124.348
282.127 -8.2423 -121.262
281.482 -8.45123 -118.257
280.493 -8.70336 -115.303
279.25 -9.03875 -112.415
277.683 -9.46894 -109.612
275.981 -9.86369 -106.897
274.148 -10.2743 -104.2
272.232 -10.6853 -101.5
270.311 -11.0963 -98.6963
268.556 -11.4983 -95.8468
266.93 -11.8604 -92.8607
265.559 -12.1606 -89.7949
264.454 -12.4112 -86.6286
263.641 -12.6827 -83.338
263.151 -12.9142 -80.0925
263.014 -13.0868 -76.7626
263.241 -13.2307 -73.4361
263.851 -13.3381 -70.1288
264.831 -13.3906 -66.9107
266.128 -13.3868 -63.7961
267.654 -13.375 -60.7448
269.355 -13.3304 -57.821
271.197 -13.2702 -54.8285
273.068 -13.1937 -51.8781
275.03 -13.0811 -48.7726
277.003 -13.0055 -45.6665
279.05 -12.9488 -42.5148
281.12 -12.8573 -39.2989
283.221 -12.773 -36.0011
285.302 -12.6988 -32.7402
287.406 -12.6286 -29.4621
289.446 -12.537 -26.1429
291.476 -12.4581 -22.7806
293.433 -12.3405 -19.4013
295.345 -12.2082 -15.9883
297.158 -12.092 -12.595
298.833 -11.9721 -9.10845
300.327 -11.9159 -5.54118
301.608 -11.8162 -1.86509
302.713 -11.7296 1.86547
303.682 -11.6468 5.61696
304.559 -11.5933 9.40252
305.327 -11.5618 13.2004
306.038 -11.5226 17.0066
306.638 -11.4888 20.7886
307.186 -11.4703 24.5719
307.695 -11.4796 28.3446
308.158 -11.5104 32.0972
308.637 -11.525 35.8447
309.163 -11.5623 39.6278
309.714 -11.5696 43.4081
310.237 -11.5869 47.1639
310.758 -11.5672 50.9547
311.293 -11.559 54.7404
311.824 -11.532 58.5487
312.385 -11.4806 62.4527
312.911 -11.4297 66.2758
313.411 -11.3656 70.0478
313.928 -11.2763 73.8601
314.443 -11.1753 77.7262
314.941 -11.0796 81.5547
315.398 -10.9753 85.2239
315.888 -10.8689 88.9424
316.358 -10.7542 92.612
316.867 -10.6834 96.2901
317.33 -10.5742 99.8817
317.787 -10.4728 103.368
318.275 -10.3303 107.029
318.721 -10.1891 110.623
319.16 -10.0584 114.11
319.578 -9.9243 117.615
319.98 -9.78813 121.045
320.404 -9.63614 124.422
320.838 -9.50555 127.754
321.227 -9.34729 131.088
321.637 -9.18174 134.328
322.055 -9.01162 137.549
322.423 -8.84982 140.751
322.828 -8.71112 143.907
323.224 -8.56653 147.085
323.593 -8.43392 150.18
323.96 -8.29187 153.191
324.348 -8.14642 156.143
324.733 -8.01249 159.069
325.106 -7.88956 161.807
325.489 -7.78891 164.318
325.812 -7.66812 166.778
326.134 -7.56288 169.055
326.375 -7.4473 171.108
326.574 -7.35046 172.981
326.737 -7.27639 174.596
326.855 -7.20133 175.98
326.925 -7.14378 177.07
326.971 -7.08611 177.903
326.949 -7.04304 178.728
326.91 -6.99346 179.639
326.777 -6.95045 180.638
326.463 -6.90856 181.888
325.791 -6.85433 183.41
324.759 -6.81364 185.03
323.341 -6.82055 186.618
321.677 -6.84195 188.265
319.85 -6.8736 189.948
317.828 -6.90798 191.706
315.642 -6.94154 193.628
313.275 -6.98235 195.595
310.74 -7.02981 197.689
308.157 -7.06382 199.891
305.533 -7.09578 202.149
302.704 -7.14048 204.671
299.842 -7.13612 207.199
296.86 -7.14978 209.823
293.811 -7.14973 212.423
290.662 -7.17552 215.162
287.538 -7.19999 217.863
284.251 -7.17945 220.694
280.985 -7.19388 223.432
277.623 -7.21911 226.161
274.262 -7.24413 228.814
270.842 -7.27642 231.501
267.405 -7.27433 234.213
263.958 -7.29144 236.885
260.471 -7.30301 239.564
257.023 -7.36324 242.342
253.593 -7.35963 245.145
250.127 -7.32956 247.935
246.565 -7.32337 250.781
243.042 -7.29788 253.614
239.429 -7.34831 256.447
235.841 -7.39541 259.279
232.211 -7.44691 262.122
228.528 -7.5331 265.024
224.901 -7.62921 267.981
221.417 -7.74534 270.919
217.907 -7.89642 273.864
214.481 -8.08083 276.775
211.005 -8.27921 279.62
207.464 -8.54848 282.439
203.923 -8.83112 285.157
200.362 -9.13112 287.761
196.632 -9.45306 290.228
192.729 -9.87615 292.454
188.668 -10.3472 294.373
184.419 -10.8578 296.008
180.161 -11.3944 297.434
175.952 -11.9297 298.716
171.807 -12.4536 299.905
167.775 -12.9715 301.02
163.918 -13.4332 302.113
160.168 -13.8562 303.154
156.634 -14.2439 304.161
153.362 -14.5985 305.081
150.239 -14.9174 305.891
147.481 -15.2042 306.56
145.023 -15.4593 307.077
142.844 -15.6666 307.49
140.971 -15.8506 307.826
139.33 -16.0107 308.101
137.953 -16.1456 308.342
136.813 -16.2538 308.523
135.928 -16.3545 308.672
135.201 -16.4228 308.781
134.712 -16.4696 308.864
134.427 -16.5014 308.908
134.252 -16.5219 308.932
134.17 -16.5272 308.949
134.172 -16.5263 308.948
134.169 -16.5252 308.945
134.164 -16.521 308.944
134.169 -16.5232 308.944
134.171 -16.5237 308.944
134.17 -16.5245 308.94
134.168 -16.5214 308.944
134.17 -16.5263 308.939
134.168 -16.5229 308.947
134.172 -16.5255 308.949
134.169 -16.5231 308.945
134.174 -16.5261 308.946
134.175 -16.5257 308.948
134.171 -16.5281 308.949
134.175 -16.5275 308.948
134.17 -16.5279 308.944
134.173 -16.5257 308.951
134.178 -16.522 308.946
134.177 -16.5271 308.947
134.178 -16.5275 308.942
134.178 -16.5264 308.949
134.177 -16.5307 308.952
134.176 -16.5312 308.954
134.177 -16.5298 308.947
134.178 -16.5293 308.949
134.174 -16.5308 308.95
134.171 -16.5303 308.949
134.171 -16.5316 308.949
134.179 -16.5289 308.949
134.173 -16.5271 308.946
134.177 -16.5276 308.948
134.173 -16.5298 308.948
134.179 -16.5295 308.951
134.173 -16.5301 308.951
134.171 -16.527 308.943
134.175 -16.5287 308.949
134.173 -16.5289 308.95
134.172 -16.5272 308.947
134.171 -16.5256 308.941
134.178 -16.5265 308.953
134.176 -16.5249 308.951
134.176 -16.5289 308.947
134.173 -16.5323 308.95
134.173 -16.5287 308.955
134.178 -16.5265 308.949
134.178 -16.5274 308.949
134.172 -16.5304 308.954
134.171 -16.528 308.95
134.171 -16.5276 308.94
134.175 -16.525 308.95
134.174 -16.5304 308.953
134.172 -16.5299 308.953
134.176 -16.5315 308.95
134.173 -16.5326 308.95
134.168 -16.531 308.952
134.177 -16.5245 308.945
134.171 -16.5282 308.946
134.169 -16.5306 308.945
134.171 -16.5295 308.951
134.178 -16.527 308.947
134.173 -16.5262 308.954
134.176 -16.5254 308.946
134.17 -16.5302 308.949
134.161 -16.5262 308.952
134.119 -16.5366 308.964
134.042 -16.5435 308.967
133.878 -16.558 309.001
133.637 -16.5823 309.037
133.295 -16.6232 309.105
132.864 -16.6713 309.184
132.267 -16.7311 309.278
131.438 -16.8157 309.432
130.335 -16.9099 309.625
129.034 -17.0446 309.834
127.626 -17.1705 310.038
126.042 -17.3337 310.23
124.294 -17.4874 310.426
122.448 -17.6763 310.538
120.453 -17.8834 310.708
118.312 -18.1055 310.692
116.122 -18.3045 310.652
113.891 -18.513 310.412
111.728 -18.721 310.185
109.722 -18.8909 309.695
108.008 -19.1115 309.105
106.419 -19.3135 308.374
104.981 -19.464 307.556
103.612 -19.6336 306.541
102.279 -19.8022 305.457
101.049 -19.9591 304.173
99.9387 -20.1168 302.653
98.8806 -20.2629 300.956
98.0188 -20.4158 299.097
97.2967 -20.5635 297.085
96.7723 -20.6687 295.097
96.3622 -20.783 293.046
95.9778 -20.8919 290.93
95.6144 -21.0221 288.733
95.2514 -21.1232 286.468
94.8889 -21.2871 284.04
94.4897 -21.4402 281.394
94.02 -21.605 278.47
93.4959 -21.7937 275.445
92.8778 -21.9899 272.176
92.1121 -22.231 268.648
91.2411 -22.4887 265.185
90.2134 -22.7577 261.576
89.0878 -23.0351 258.087
87.8502 -23.3279 254.578
86.5204 -23.6146 251.125
85.108 -23.9023 247.835
83.6129 -24.1961 244.653
82.0602 -24.4826 241.543
80.467 -24.7757 238.556
78.8889 -25.0679 235.749
77.3163 -25.3371 233.084
75.6557 -25.6173 230.415
74.0166 -25.8786 227.883
72.3647 -26.1341 225.41
70.7165 -26.3878 223.037
69.0787 -26.611 220.75
67.5102 -26.8468 218.626
65.9586 -27.0478 216.603
64.4551 -27.2226 214.713
63.018 -27.4091 212.951
61.6201 -27.5912 211.302
60.228 -27.7462 209.714
58.8983 -27.8882 208.228
57.5887 -28.0332 206.837
56.3527 -28.1607 205.559
55.1641 -28.2918 204.406
54.0853 -28.3955 203.333
53.1248 -28.5023 202.434
52.2774 -28.593 201.673
51.548 -28.6744 201.06
50.9812 -28.7331 200.571
50.5601 -28.7821 200.215
50.2485 -28.8287 199.959
50.0301 -28.8538 199.784
49.9238 -28.8597 199.684
49.8871 -28.8634 199.647
49.8905 -28.8642 199.664
49.8892 -28.866 199.663
49.8897 -28.8646 199.664
49.8985 -28.8655 199.662
49.8923 -28.8634 199.662
49.8939 -28.8635 199.663
49.8864 -28.8669 199.665
49.8919 -28.8667 199.662
49.8955 -28.8656 199.663
49.8872 -28.8665 199.661
49.8868 -28.869 199.66
49.8913 -28.8655 199.662
49.889 -28.8609 199.661
49.8938 -28.8608 199.662
49.8915 -28.8633 199.658
49.8861 -28.8641 199.66
49.8873 -28.8645 199.664
49.8895 -28.8642 199.663
49.8945 -28.8652 199.662
49.8932 -28.8613 199.662
49.8881 -28.8629 199.657
49.8915 -28.8658 199.663
49.8914 -28.8625 199.662
49.8852 -28.863 199.661
49.8892 -28.8613 199.659
49.8926 -28.8621 199.664
49.8937 -28.8608 199.665
49.8949 -28.865 199.664
49.8986 -28.8625 199.666
49.8937 -28.8638 199.664
49.8997 -28.8635 199.663
49.8881 -28.8623 199.668
49.8933 -28.8634 199.665
49.8909 -28.8644 199.666
49.8907 -28.8651 199.659
49.8908 -28.8676 199.661
49.8921 -28.8664 199.663
49.8927 -28.8673 199.662
49.8917 -28.8684 199.662
49.8949 -28.8674 199.663
49.8912 -28.8664 199.663
49.9019 -28.8661 199.661
49.88 -28.8729 199.649
49.7729 -28.8879 199.561
49.561 -28.9173 199.385
49.2356 -28.9559 199.128
48.7962 -29.001 198.771
48.2073 -29.0873 198.319
47.4371 -29.1706 197.727
46.506 -29.2692 197.038
45.4069 -29.4058 196.258
44.2166 -29.5287 195.387
42.8764 -29.6806 194.47
41.429 -29.8585 193.478
39.8312 -30.0427 192.454
38.0574 -30.2554 191.391
36.0897 -30.457 190.194
33.9046 -30.6807 188.939
31.5156 -30.9395 187.647
28.8926 -31.2226 186.28
26.1513 -31.5328 184.949
23.1989 -31.852 183.556
20.0428 -32.2006 182.162
16.5753 -32.6052 180.613
13.0224 -33.0176 179.239
9.25526 -33.4625 177.85
5.33294 -33.9048 176.443
1.41439 -34.3403 175.066
-2.53959 -34.7971 173.664
-6.48605 -35.2273 172.309
-10.5015 -35.6761 171.013
-14.4865 -36.1001 169.727
-18.4817 -36.5631 168.417
-22.5416 -37.0306 167.082
-26.6762 -37.4583 165.641
-30.9718 -37.8924 164.18
-35.3123 -38.3346 162.712
-39.5472 -38.7613 161.241
-44.1142 -39.2056 159.686
-48.4089 -39.6083 158.218
-52.8676 -40.0117 156.705
-57.1749 -40.4188 155.247
-61.4874 -40.8383 153.8
-65.8089 -41.2622 152.339
-69.995 -41.652 150.904
-74.1564 -42.0234 149.468
-78.283 -42.3871 148.046
-82.4083 -42.7334 146.634
-86.42 -43.0731 145.228
-90.4509 -43.4281 143.792
-94.3719 -43.7673 142.393
-98.2872 -44.0915 140.967
-102.081 -44.3898 139.487
-105.983 -44.7323 138.081
-109.784 -45.0589 136.584
-113.571 -45.3821 135.082
-117.311 -45.7042 133.47
-121.054 -46.0017 131.801
-124.641 -46.2883 130.053
-128.064 -46.5819 128.157
-131.356 -46.827 126.048
-134.494 -47.0818 123.801
-137.47 -47.4025 121.509
-140.345 -47.7383 119.123
-143.14 -48.0655 116.757
-145.829 -48.3397 114.479
-148.442 -48.589 112.329
-151.038 -48.848 110.416
-153.72 -49.0983 108.695
-156.42 -49.3563 107.251
-159.084 -49.569 106.03
-161.826 -49.7791 105.025
-164.493 -49.9606 104.339
-167.166 -50.1083 103.885
-169.809 -50.2587 103.665
-172.402 -50.3927 103.654
-175.031 -50.5453 103.856
-177.523 -50.6602 104.228
-179.917 -50.7656 104.749
-182.157 -50.8279 105.402
-184.265 -50.8834 106.156
-186.236 -50.9573 106.972
-188.026 -51.0257 107.807
-189.724 -51.0839 108.571
-191.272 -51.1117 109.285
-192.734 -51.1454 109.968
-194.126 -51.1706 110.617
-195.434 -51.1944 111.216
-196.69 -51.22 111.817
-197.877 -51.2358 112.377
-199.015 -51.2437 112.899
-200.086 -51.2637 113.392
-201.042 -51.2803 113.83
-201.836 -51.2915 114.207
-202.504 -51.299 114.513
-203.008 -51.3062 114.747
-203.348 -51.3072 114.908
-203.506 -51.3105 114.982
-203.538 -51.3171 115.003
-203.536 -51.3106 115.001
-203.539 -51.3123 115
-203.536 -51.3094 115.002
-203.531 -51.3105 115.007
-203.531 -51.3131 115.014
-203.529 -51.3123 115.002
-203.532 -51.315 115.003
-203.537 -51.3148 115.004
-203.541 -51.3137 115.008
-203.532 -51.3145 114.994
-203.53 -51.3088 115.012
-203.532 -51.3103 115.005
-203.534 -51.3114 115.009
-203.536 -51.3131 115.006
-203.546 -51.3067 115
-203.553 -51.3094 115.006
-203.602 -51.3178 115.017
-203.654 -51.3152 115.046
-203.794 -51.3121 115.127
-204.055 -51.3215 115.242
-204.424 -51.3215 115.416
-204.951 -51.334 115.652
-205.62 -51.3369 115.961
-206.458 -51.3495 116.348
-207.485 -51.3696 116.812
-208.684 -51.3919 117.353
-209.981 -51.4073 117.941
-211.394 -51.4232 118.579
-212.895 -51.4496 119.269
-214.542 -51.4857 120.009
-216.197 -51.5037 120.721
-217.851 -51.5181 121.464
-219.48 -51.5435 122.167
-220.951 -51.5725 122.852
-222.206 -51.5932 123.408
-223.313 -51.6139 123.913
-224.252 -51.6308 124.324
-225.096 -51.6406 124.71
-225.949 -51.6439 125.082
-226.8 -51.6538 125.462
-227.653 -51.6593 125.835
-228.503 -51.667 126.219
-229.395 -51.6693 126.627
-230.387 -51.6732 127.09
-231.424 -51.6757 127.579
-232.561 -51.6873 128.148
-233.766 -51.6786 128.837
-234.99 -51.6581 129.679
-236.143 -51.6487 130.724
-237.169 -51.5854 131.907
-237.903 -51.5132 133.376
-238.281 -51.4053 134.951
-238.5 -51.2655 136.604
-238.459 -51.1486 138.169
-238.131 -50.987 140.353
-237.564 -50.7816 142.518
-236.937 -50.5981 144.616
-236.237 -50.3829 146.718
-235.57 -50.2164 148.785
-234.93 -50.0017 150.714
-234.377 -49.822 152.515
-233.993 -49.6727 154.235
-233.845 -49.4995 155.969
-234.051 -49.3297 157.687
-234.559 -49.1611 159.318
-235.463 -49.0222 160.695
-236.655 -48.9588 161.522
-237.97 -48.9423 162.522
-239.386 -48.896 163.37
-240.823 -48.8375 164.216
-242.217 -48.7973 164.948
-243.568 -48.7344 165.74
-244.761 -48.6806 166.762
-245.784 -48.5895 167.948
-246.561 -48.4733 169.295
-247.037 -48.3606 170.732
-247.207 -48.224 172.266
-247.13 -48.0924 173.925
-246.775 -47.9382 175.554
-246.222 -47.7497 177.227
-245.509 -47.5585 178.888
-244.716 -47.3689 180.604
-243.915 -47.1604 182.373
-243.087 -46.9471 184.284
-242.228 -46.6795 186.177
-241.346 -46.3947 188.173
-240.438 -46.0792 190.236
-239.508 -45.763 192.294
-238.534 -45.4322 194.433
-237.506 -45.0985 196.592
-236.465 -44.7238 198.699
-235.265 -44.4 200.809
-234.006 -44.0241 202.899
-232.635 -43.685 204.931
-231.185 -43.3282 206.856
-229.728 -43.013 208.803
-228.182 -42.6845 210.674
-226.608 -42.3378 212.584
-225.077 -41.9919 214.473
-223.559 -41.6742 216.296
-222.103 -41.3326 218.1
-220.646 -40.9998 219.906
-219.203 -40.6847 221.696
-217.785 -40.3662 223.475
-216.406 -40.0365 225.254
-215.096 -39.7245 226.947
-213.79 -39.4366 228.641
-212.591 -39.1484 230.262
-211.441 -38.8816 231.782
-210.318 -38.6244 233.276
-209.2 -38.367 234.763
-208.064 -38.1123 236.209
-206.89 -37.8363 237.695
-205.684 -37.5682 239.239
-204.376 -37.3133 240.808
-203.039 -37.0233 242.406
-201.642 -36.7183 244.075
-200.215 -36.4059 245.798
-198.695 -36.099 247.585
-197.184 -35.81 249.398
-195.657 -35.45 251.296
-194.144 -35.0949 253.194
-192.611 -34.7552 255.112
-191.098 -34.4502 257.019
-189.617 -34.109 258.948
-188.095 -33.762 260.952
-186.586 -33.4378 262.997
-185.136 -33.1333 265.007
-183.684 -32.8111 267.034
-182.27 -32.5023 269.028
-180.884 -32.2088 270.968
-179.523 -31.8906 272.887
-178.162 -31.5917 274.785
-176.847 -31.2918 276.636
-175.575 -31.0126 278.387
-174.374 -30.7787 280.037
-173.182 -30.5415 281.519
-172.069 -30.3301 282.82
-170.987 -30.1441 283.92
-169.831 -29.9815 284.87
-168.609 -29.824 285.665
-167.297 -29.7093 286.204
-165.927 -29.6256 286.531
-164.583 -29.6182 286.522
-163.201 -29.6095 286.275
-161.734 -29.6479 285.827
-160.287 -29.7042 285.143
-158.774 -29.7799 284.313
-157.167 -29.8734 283.326
-155.435 -29.9512 282.191
-153.554 -30.0558 280.943
-151.577 -30.1394 279.598
-149.474 -30.2626 278.191
-147.288 -30.3633 276.714
-145.082 -30.4841 275.201
-142.778 -30.5882 273.608
-140.476 -30.7048 272.021
-138.195 -30.8194 270.462
-135.925 -30.9459 268.89
-133.621 -31.0423 267.325
-131.307 -31.1639 265.776
-128.971 -31.271 264.184
-126.607 -31.3899 262.562
-124.252 -31.5271 260.941
-121.854 -31.6518 259.285
-119.478 -31.7581 257.681
-117.084 -31.8947 256.044
-114.795 -32.0121 254.475
-112.487 -32.1167 252.929
-110.272 -32.2149 251.42
-108.154 -32.2992 249.954
-106.169 -32.396 248.586
-104.292 -32.528 247.28
-102.513 -32.6492 246.055
-100.869 -32.7544 244.905
-99.2844 -32.8624 243.793
-97.8524 -32.9573 242.781
-96.5584 -33.0441 241.88
-95.4344 -33.1235 241.088
-94.4305 -33.1955 240.402
-93.67 -33.2541 239.881
-93.1968 -33.2903 239.551
-93.0271 -33.2976 239.448
-92.9862 -33.3034 239.417
-92.9809 -33.3047 239.413
-92.984 -33.3056 239.413
-92.9901 -33.3088 239.416
-92.9892 -33.309 239.418
-92.9855 -33.3093 239.416
-92.9826 -33.3014 239.416
-92.9745 -33.3101 239.409
-92.9132 -33.3094 239.367
-92.7907 -33.3097 239.276
-92.5434 -33.3284 239.114
-92.208 -33.3669 238.886
-91.7314 -33.3795 238.56
-91.1777 -33.4163 238.202
-90.5087 -33.467 237.748
-89.6938 -33.5043 237.216
-88.7672 -33.5641 236.588
-87.7156 -33.6222 235.889
-86.5288 -33.678 235.104
-85.137 -33.7504 234.175
-83.5716 -33.8328 233.122
-81.9104 -33.9049 232.033
-80.066 -33.9582 230.81
-78.0499 -34.0184 229.466
-75.8989 -34.1362 228.024
-73.6248 -34.2459 226.482
-71.3096 -34.352 224.906
-69.0789 -34.4528 223.377
-66.8268 -34.5443 221.803
-64.59 -34.6498 220.249
-62.4361 -34.7312 218.752
-60.3123 -34.8248 217.267
-58.2557 -34.9207 215.835
-56.3417 -35.01 214.524
-54.5727 -35.0771 213.32
-52.9575 -35.1399 212.227
-51.5788 -35.1867 211.323
-50.3972 -35.2323 210.543
-49.2901 -35.2702 209.845
-48.2535 -35.3001 209.209
-47.2302 -35.3071 208.624
-46.2337 -35.3202 208.098
-45.189 -35.3189 207.587
-43.8889 -35.2941 207.116
-42.4208 -35.2439 206.761
-40.7197 -35.1406 206.697
-38.8685 -35.008 207.018
-37.0008 -34.8062 207.821
-35.046 -34.4936 209.055
-33.133 -34.1285 210.599
-31.0999 -33.7365 212.262
-28.9497 -33.3126 213.993
-26.7384 -32.9048 215.867
-24.5091 -32.4335 217.889
-22.1857 -31.9735 220.076
-19.8468 -31.4776 222.283
-17.4802 -31.0066 224.586
-15.1823 -30.5494 226.862
-12.8908 -30.1301 229.202
-10.5451 -29.6384 231.525
-8.15207 -29.1507 233.88
-5.74364 -28.6463 236.244
-3.35695 -28.13 238.579
-1.07341 -27.6127 240.869
1.25315 -27.0801 243.248
3.56544 -26.6226 245.664
5.89268 -26.1281 248.118
8.27857 -25.6335 250.614
10.5888 -25.1423 253.125
12.8267 -24.6461 255.62
15.0785 -24.1105 258.165
17.2674 -23.5487 260.771
19.4616 -22.9839 263.434
21.6955 -22.4219 266.217
23.7949 -21.8883 268.918
26 -21.3432 271.744
28.0771 -20.8339 274.447
30.2009 -20.3155 277.193
32.4019 -19.7633 280.02
34.5321 -19.2226 282.889
36.5831 -18.6525 285.78
38.5457 -18.096 288.641
40.519 -17.5187 291.629
42.4713 -16.9399 294.599
44.3799 -16.3418 297.606
46.2561 -15.7306 300.597
48.0813 -15.0886 303.55
49.8366 -14.4885 306.462
51.5206 -13.87 309.328
53.1689 -13.3124 312.153
54.7739 -12.7118 314.909
56.2917 -12.1474 317.592
57.7341 -11.6048 320.085
59.0761 -11.097 322.47
60.3561 -10.6352 324.674
61.5383 -10.2059 326.649
62.6357 -9.83394 328.387
63.6505 -9.49199 329.869
64.5719 -9.20927 331.064
65.3838 -8.97164 332.006
65.9998 -8.79838 332.717
66.5285 -8.64661 333.263
67.0254 -8.52835 333.728
67.5422 -8.42826 334.124
68.0807 -8.31978 334.505
68.7718 -8.19641 334.901
69.6353 -8.04506 335.328
70.7737 -7.90118 335.73
71.8946 -7.75591 336.066
73.1249 -7.61353 336.278
74.2377 -7.5576 336.307
75.1407 -7.46016 336.34
75.9216 -7.34626 336.405
76.6116 -7.26261 336.46
77.2093 -7.21372 336.501
77.6767 -7.15644 336.536
77.9779 -7.12767 336.56
78.0967 -7.11459 336.573
78.0777 -7.1075 336.579
78.0822 -7.11067 336.57
78.075 -7.11175 336.579
78.0808 -7.11099 336.576
78.0824 -7.11005 336.577
78.0794 -7.10995 336.571
78.0816 -7.10893 336.581
78.0845 -7.11041 336.577
78.0629 -7.1105 336.585
78.0677 -7.11127 336.576
78.0519 -7.11335 336.572
78.0265 -7.11436 336.574
78.109 -7.10446 336.586
78.3731 -7.06981 336.614
78.9129 -7.00829 336.653
79.7538 -6.91869 336.714
80.8398 -6.79165 336.81
82.1653 -6.63848 336.953
83.7508 -6.46861 337.119
85.5519 -6.24471 337.253
87.252 -6.07072 337.156
89.2197 -5.8815 336.962
91.1469 -5.74754 336.404
93.0471 -5.6745 335.415
94.7906 -5.70232 334.011
96.1823 -5.82851 332.256
97.1551 -6.04489 330.134
97.6341 -6.3711 327.714
97.7986 -6.72531 325.252
97.632 -7.14719 322.608
97.3861 -7.61082 319.772
97.2129 -8.07505 316.859
96.9109 -8.56033 313.718
96.6586 -9.05439 310.453
96.4191 -9.54793 307.051
96.202 -10.0482 303.537
95.9839 -10.567 299.942
95.7812 -11.0878 296.434
95.5836 -11.5945 293.006
95.3326 -12.1191 289.545
95.0381 -12.6452 286.167
94.6942 -13.18 282.926
94.3046 -13.7112 279.697
93.8836 -14.2316 276.574
93.3874 -14.776 273.427
92.8233 -15.3081 270.22
92.1588 -15.8403 267.094
91.4118 -16.4009 263.878
90.6169 -16.9516 260.708
89.6814 -17.5206 257.421
88.6393 -18.1043 254.199
87.4886 -18.6756 250.997
86.2893 -19.2217 247.911
85.0031 -19.7633 244.869
83.6584 -20.3087 241.898
82.2223 -20.8341 238.941
80.7933 -21.3502 236.197
79.3329 -21.859 233.485
77.8523 -22.3431 230.841
76.4029 -22.7969 228.357
74.9256 -23.2308 225.92
73.412 -23.6735 223.568
71.9211 -24.0777 221.283
70.4315 -24.4607 219.098
68.8919 -24.8461 216.906
67.2809 -25.225 214.739
65.6278 -25.6006 212.571
63.8709 -25.9809 210.424
62.053 -26.3536 208.307
60.1338 -26.7366 206.15
58.0627 -27.1219 203.986
55.8052 -27.5104 201.78
53.4666 -27.9279 199.543
50.9496 -28.3678 197.317
48.2313 -28.8107 195.075
45.5008 -29.2463 192.97
42.6126 -29.7269 190.882
39.7575 -30.1509 188.937
36.7604 -30.5593 187.04
33.6569 -30.939 185.206
30.3207 -31.2425 183.349
27.0997 -31.6023 181.67
23.7753 -31.9621 180.018
20.2608 -32.318 178.345
16.6447 -32.7268 176.638
13.0521 -33.1724 175.192
9.35689 -33.6254 173.674
5.67546 -34.0756 172.262
1.87778 -34.5 170.803
-1.93295 -34.9089 169.372
-5.72103 -35.3235 168.003
-9.45479 -35.7516 166.717
-13.1861 -36.1782 165.382
-16.922 -36.612 164.046
-20.6118 -37.0135 162.757
-24.3418 -37.4252 161.467
-28.0548 -37.8177 160.154
-31.7437 -38.1873 158.847
-35.3152 -38.5391 157.633
-38.9204 -38.8806 156.338
-42.4517 -39.2329 155.061
-45.9916 -39.5953 153.779
-49.5464 -39.9508 152.523
-53.1328 -40.2944 151.265
-56.7087 -40.6261 150.027
-60.319 -40.9692 148.763
-63.9309 -41.3119 147.481
-67.5279 -41.6365 146.163
-71.1953 -41.9619 144.819
-74.8938 -42.3094 143.446
-78.5905 -42.6226 142.019
-82.3707 -42.9595 140.548
-86.1538 -43.3036 139.033
-90.0705 -43.6255 137.609
-94.0106 -43.9457 136.137
-97.8724 -44.3144 134.671
-101.645 -44.6369 133.272
-105.296 -44.9559 131.927
-108.696 -45.2401 130.609
-111.803 -45.5193 129.366
-114.594 -45.7588 128.172
-117.126 -45.9671 127.02
-119.318 -46.162 125.963
-121.152 -46.318 124.953
-122.663 -46.4341 124.106
-123.865 -46.5378 123.378
-124.708 -46.6157 122.88
-125.206 -46.666 122.541
-125.405 -46.6967 122.416
-125.462 -46.6909 122.396
-125.449 -46.69 122.395
-125.479 -46.6947 122.345
-125.478 -46.6905 122.353
-125.486 -46.6968 122.339
-125.491 -46.693 122.357
-125.502 -46.6875 122.346
-125.473 -46.7013 122.363
-125.465 -46.7096 122.358
-125.476 -46.7167 122.343
-125.482 -46.7237 122.339
-125.474 -46.713 122.361
-125.466 -46.7034 122.361
-125.471 -46.7008 122.352
-125.473 -46.6989 122.355
-125.47 -46.6983 122.362
-125.477 -46.6991 122.357
-125.474 -46.6953 122.364
-125.477 -46.7001 122.357
-125.475 -46.6957 122.359
-125.475 -46.6964 122.358
-125.477 -46.6923 122.356
-125.482 -46.6939 122.352
-125.48 -46.6933 122.358
-125.48 -46.6968 122.356
-125.477 -46.6938 122.356
-125.481 -46.6942 122.353
-125.477 -46.6931 122.354
-125.473 -46.6946 122.361
-125.478 -46.6937 122.357
-125.482 -46.696 122.354
-125.481 -46.6951 122.356
-125.479 -46.691 122.359
-125.478 -46.692 122.355
-125.48 -46.6904 122.355
-125.485 -46.6984 122.348
-125.479 -46.6958 122.358
-125.477 -46.6932 122.345
-125.474 -46.6964 122.352
-125.479 -46.699 122.349
-125.484 -46.7024 122.346
-125.471 -46.7009 122.363
-125.472 -46.6997 122.361
-125.472 -46.6993 122.364
-125.509 -46.7069 122.337
-125.652 -46.7226 122.238
-125.909 -46.7478 122.059
-126.278 -46.7848 121.797
-126.72 -46.8239 121.519
-127.347 -46.8878 121.058
-128.028 -46.9524 120.546
-128.851 -47.0534 119.927
-129.748 -47.1616 119.203
-130.748 -47.2694 118.362
-131.878 -47.3963 117.392
-133.172 -47.5454 116.171
-134.654 -47.7185 114.83
-136.222 -47.8919 113.39
-137.871 -48.0701 111.876
-139.518 -48.2513 110.397
-141.174 -48.4248 108.922
-142.889 -48.5944 107.474
-144.589 -48.7456 106.156
-146.39 -48.9186 104.821
-148.143 -49.0812 103.631
-149.921 -49.2174 102.502
-151.8 -49.3726 101.435
-153.677 -49.5309 100.499
-155.446 -49.6872 99.7579
-157.04 -49.8041 99.1784
-158.461 -49.8939 98.7193
-159.747 -49.9872 98.3709
-160.998 -50.0761 98.0708
-162.227 -50.149 97.8408
-163.462 -50.2272 97.6472
-164.707 -50.2939 97.5085
-165.916 -50.3607 97.4117
-167.153 -50.4342 97.356
-168.382 -50.5015 97.3395
-169.61 -50.5783 97.3735
-170.861 -50.6454 97.4524
-172.097 -50.7187 97.5912
-173.273 -50.7812 97.7379
-174.35 -50.8451 97.9283
-175.315 -50.8777 98.1097
-176.177 -50.9196 98.2924
-176.953 -50.9513 98.4955
-177.652 -50.9832 98.6791
-178.34 -51.0245 98.8808
-179.03 -51.0495 99.082
-179.724 -51.0871 99.3053
-180.457 -51.119 99.5461
-181.166 -51.1499 99.7999
-181.919 -51.1828 100.08
-182.807 -51.2149 100.421
-183.727 -51.2409 100.778
-184.712 -51.2648 101.175
-185.754 -51.3029 101.61
-186.967 -51.3559 102.129
-188.304 -51.3858 102.716
-189.612 -51.4175 103.296
-190.95 -51.4539 103.923
-192.303 -51.4561 104.57
-193.647 -51.4849 105.233
-194.971 -51.5121 105.858
-196.21 -51.5217 106.438
-197.362 -51.5498 106.987
-198.43 -51.5708 107.488
-199.396 -51.5806 107.949
-200.335 -51.5946 108.387
-201.266 -51.6041 108.816
-202.221 -51.6387 109.265
-203.288 -51.6776 109.761
-204.484 -51.704 110.316
-205.84 -51.7289 110.951
-207.353 -51.7355 111.638
-208.955 -51.7683 112.375
-210.578 -51.8066 113.114
-212.284 -51.8438 113.896
-214.101 -51.8784 114.72
-216.048 -51.9187 115.601
-218.177 -51.9815 116.576
-220.389 -52.0076 117.554
-222.827 -52.0409 118.634
-225.342 -52.0702 119.759
-227.942 -52.0918 120.902
-230.515 -52.1063 122.07
-233.052 -52.117 123.24
-235.651 -52.1246 124.442
-238.174 -52.1418 125.591
-240.727 -52.1499 126.769
-243.245 -52.1527 127.933
-245.87 -52.1343 129.144
-248.444 -52.113 130.328
-251.084 -52.1057 131.52
-253.557 -52.0923 132.629
-256.034 -52.0776 133.728
-258.441 -52.0671 134.799
-260.78 -52.0524 135.914
-263.068 -52.0568 137.033
-265.307 -52.0181 138.14
-267.488 -52.0006 139.26
-269.706 -51.9753 140.439
-271.927 -51.9553 141.701
-274.167 -51.9076 143.075
-276.382 -51.8817 144.623
-278.586 -51.8423 146.318
-280.712 -51.7821 148.226
-282.767 -51.714 150.302
-284.746 -51.6646 152.606
-286.636 -51.6243 155.124
-288.41 -51.5659 157.801
-290.134 -51.4822 160.661
-291.777 -51.3246 163.707
-293.369 -51.1441 166.826
-294.925 -50.9462 170.099
-296.438 -50.7257 173.381
-297.937 -50.4884 176.71
-299.415 -50.2248 180.033
-300.854 -49.9622 183.355
-302.279 -49.6987 186.635
-303.748 -49.4266 189.967
-305.18 -49.1567 193.244
-306.596 -48.8827 196.532
-308.058 -48.6012 199.836
-309.498 -48.3251 203.108
-310.9 -48.0456 206.283
-312.3 -47.7436 209.449
-313.692 -47.462 212.556
-315.065 -47.1775 215.621
-316.405 -46.9056 218.633
-317.682 -46.6411 221.523
-318.997 -46.3807 224.49
-320.3 -46.1279 227.433
-321.628 -45.8429 230.425
-322.966 -45.5734 233.441
-324.286 -45.3016 236.472
-325.669 -45.0295 239.577
-327.074 -44.7685 242.709
-328.43 -44.508 245.796
-329.813 -44.2438 248.895
-331.144 -43.987 251.936
-332.451 -43.7136 254.946
-333.732 -43.451 257.858
-334.972 -43.1664 260.702
-336.231 -42.906 263.627
-337.51 -42.6423 266.541
-338.855 -42.3653 269.554
-340.222 -42.0719 272.656
-341.599 -41.7715 275.801
-343.005 -41.4745 278.898
-344.352 -41.1897 281.911
-345.634 -40.9068 284.854
-346.927 -40.645 287.749
-348.21 -40.3735 290.595
-349.526 -40.0959 293.365
-350.798 -39.829 296.014
-352.133 -39.5669 298.594
-353.565 -39.2849 301.203
-355.068 -39.0233 303.791
-356.746 -38.7745 306.408
-358.533 -38.5283 309.049
-360.495 -38.33 311.784
-362.549 -38.1002 314.589
-364.717 -37.8562 317.454
-366.887 -37.5965 320.516
-368.987 -37.3415 323.75
-371.073 -37.0718 327.12
-373.073 -36.789 330.651
-374.923 -36.478 334.478
-376.696 -36.1429 338.317
-378.193 -35.8095 342.335
-379.665 -35.4156 346.545
-380.924 -35.0139 350.878
-382.007 -34.6231 355.237
-382.882 -34.203 359.693
-383.608 -33.783 364.16
-384.16 -33.3603 368.631
-384.547 -32.9503 373.101
-384.719 -32.546 377.588
-384.71 -32.1215 382.034
-384.505 -31.7082 386.475
-384.074 -31.2914 390.852
-383.419 -30.8586 395.281
-382.611 -30.4565 399.64
-381.651 -30.0406 404.028
-380.63 -29.6177 408.362
-379.52 -29.1972 412.739
-378.381 -28.7938 417.006
-377.181 -28.3839 421.274
-376.02 -27.9697 425.443
-374.905 -27.5482 429.65
-373.901 -27.1375 433.732
-373.016 -26.7663 437.638
-372.359 -26.4399 441.321
-371.981 -26.1064 444.8
-372.008 -25.7897 448.149
-372.558 -25.454 451.416
-373.63 -25.1581 454.497
-375.273 -24.8661 457.245
-377.421 -24.6424 459.658
-379.985 -24.4947 461.518
-382.784 -24.4107 462.857
-385.967 -24.3688 463.66
-389.375 -24.4479 463.769
-392.751 -24.5498 463.268
-396.147 -24.7035 462.425
-399.608 -24.9299 461.074
-403.09 -25.1246 459.752
-406.83 -25.3498 458.221
-410.716 -25.5407 456.606
-414.731 -25.7445 454.965
-418.942 -25.9803 453.298
-423.25 -26.2061 451.617
-427.728 -26.4403 449.847
-432.262 -26.6573 448.122
-436.99 -26.8884 446.227
-441.824 -27.15 444.271
-446.634 -27.3906 442.288
-451.502 -27.6525 440.248
-456.325 -27.889 438.204
-461.235 -28.1296 436.069
-466.214 -28.3706 433.886
-471.116 -28.5995 431.578
-475.968 -28.8413 429.217
-480.697 -29.0769 426.759
-485.314 -29.2566 424.194
-489.887 -29.484 421.52
-494.475 -29.7446 418.654
-498.833 -29.9945 415.676
-503.063 -30.2541 412.54
-507.18 -30.5161 409.326
-511.312 -30.8077 405.946
-515.349 -31.0765 402.603
-519.384 -31.3142 399.24
-523.43 -31.5082 395.823
-527.443 -31.7922 392.461
-531.388 -32.1059 389.045
-535.37 -32.4355 385.628
-539.271 -32.7972 382.254
-543.114 -33.1994 378.905
-546.926 -33.5809 375.54
-550.765 -33.9547 372.2
-554.427 -34.3457 369.017
-558.139 -34.7911 365.82
-561.608 -35.2064 362.749
-564.98 -35.5888 359.72
-568.066 -35.927 356.758
-570.928 -36.1189 353.941
-573.54 -36.3218 351.228
-575.943 -36.4891 348.515
-578.143 -36.6308 345.948
-580.023 -36.7405 343.492
-581.658 -36.8317 341.168
-583.024 -36.9171 339.065
-584.128 -37.0101 337.15
-585.009 -37.0873 335.499
-585.686 -37.1543 334.139
-586.165 -37.2036 333.094
-586.413 -37.2377 332.506
-586.533 -37.2534 332.264
-586.538 -37.2588 332.253
-586.531 -37.2568 332.273
-586.521 -37.2501 332.283
-586.519 -37.2511 332.294
-586.527 -37.2438 332.284
-586.524 -37.2494 332.279
-586.518 -37.2461 332.282
-586.524 -37.2486 332.289
-586.527 -37.2494 332.285
-586.523 -37.2503 332.285
-586.517 -37.2492 332.281
-586.523 -37.2467 332.28
-586.52 -37.2483 332.277
-586.523 -37.2476 332.28
-586.524 -37.2495 332.286
-586.523 -37.2472 332.282
-586.53 -37.2504 332.282
-586.528 -37.2484 332.284
-586.526 -37.2499 332.271
-586.526 -37.2434 332.278
-586.531 -37.2515 332.268
-586.533 -37.252 332.269
-586.53 -37.2524 332.279
-586.517 -37.2456 332.291
-586.522 -37.2509 332.284
-586.558 -37.2525 332.21
-586.65 -37.2682 332.029
-586.865 -37.2886 331.58
-587.249 -37.339 330.796
-587.792 -37.4058 329.595
-588.466 -37.5143 328.02
-589.244 -37.6567 326.051
-589.962 -37.7804 323.842
-590.592 -37.9813 321.299
-591.108 -38.2395 318.522
-591.454 -38.4985 315.499
-591.574 -38.8103 312.238
-591.411 -39.1167 308.93
-590.884 -39.4442 305.552
-590.109 -39.7936 302.231
-589.1 -40.1866 298.998
-587.933 -40.5626 295.861
-586.52 -41.0173 292.74
-585.063 -41.4714 289.65
-583.472 -41.9367 286.544
-581.795 -42.3937 283.483
-580.116 -42.827 280.534
-578.41 -43.2604 277.691
-576.761 -43.6606 275.004
-575.136 -44.0517 272.387
-573.569 -44.417 269.995
-572.067 -44.7491 267.775
-570.685 -45.0509 265.759
-569.41 -45.3169 263.933
-568.284 -45.5537 262.331
-567.344 -45.7374 261.004
-566.58 -45.8884 259.937
-566.018 -45.9904 259.18
-565.534 -46.0893 258.523
-565.016 -46.2019 257.798
-564.473 -46.303 257.048
-563.839 -46.4216 256.185
-563.045 -46.5583 255.105
-562.086 -46.7136 253.791
-560.941 -46.882 252.221
-559.626 -47.0827 250.389
-558.167 -47.3151 248.398
-556.556 -47.5327 246.224
-554.768 -47.7319 243.825
-552.759 -47.9881 241.149
-550.609 -48.2436 238.359
-548.316 -48.4726 235.371
-545.871 -48.7531 232.237
-543.272 -49.0096 229.028
-540.546 -49.2522 225.659
-537.772 -49.5059 222.062
-534.925 -49.7609 218.568
-532.057 -50.0341 215.088
-529.117 -50.281 211.609
-526.146 -50.5392 208.104
-523.118 -50.7592 204.621
-520.055 -51.0177 201.06
-516.917 -51.2391 197.581
-513.666 -51.5024 193.874
-510.398 -51.7474 190.208
-507.084 -52.0234 186.502
-503.828 -52.2647 182.791
-500.629 -52.4945 179.106
-497.485 -52.7029 175.465
-494.488 -52.921 171.946
-491.604 -53.0925 168.651
-488.743 -53.2504 165.492
-485.864 -53.4076 162.331
-482.928 -53.555 159.231
-479.914 -53.6889 156.087
-476.855 -53.8581 152.858
-473.771 -54.0005 149.535
-470.675 -54.1723 146.222
-467.627 -54.3377 142.912
-464.643 -54.5364 139.65
-461.778 -54.693 136.464
-459.076 -54.8709 133.346
-456.573 -55.075 130.385
-454.274 -55.2197 127.562
-452.135 -55.3749 124.902
-450.139 -55.507 122.405
-448.211 -55.6189 120.088
-446.322 -55.7408 117.833
-444.445 -55.8595 115.647
-442.517 -55.9654 113.465
-440.507 -56.0687 111.289
-438.464 -56.164 109.209
-436.349 -56.2565 107.158
-434.189 -56.348 105.235
-431.897 -56.4327 103.412
-429.57 -56.4821 101.724
-427.144 -56.5238 100.173
-424.601 -56.5538 98.7249
-421.916 -56.5794 97.4179
-419.15 -56.5919 96.2625
-416.273 -56.5795 95.2796
-413.325 -56.553 94.4245
-410.323 -56.4849 93.7425
-407.291 -56.4362 93.2085
-404.183 -56.3851 92.8082
-401.068 -56.3123 92.4843
-397.937 -56.2265 92.2567
-394.622 -56.119 92.108
-391.416 -56.018 92.0016
-388.068 -55.8962 91.9752
-384.739 -55.7983 91.9075
-381.391 -55.6959 91.8754
-378.03 -55.5959 91.8506
-374.703 -55.5118 91.8316
-371.405 -55.4331 91.8104
-368.153 -55.3466 91.8202
-364.871 -55.2728 91.8156
-361.545 -55.2091 91.8153
-358.204 -55.1551 91.8429
-354.83 -55.0898 91.8552
-351.51 -55.0443 91.8613
-348.101 -54.9995 91.8705
-344.778 -54.9786 91.8774
-341.46 -54.9287 91.9158
-338.083 -54.8856 91.9389
-334.756 -54.8397 91.961
-331.522 -54.7982 91.9575
-328.338 -54.7605 91.9553
-325.117 -54.7346 91.9656
-321.931 -54.7038 91.9851
-318.683 -54.6928 92.049
-315.549 -54.6955 92.0959
-312.425 -54.758 92.1541
-309.325 -54.8322 92.2423
-306.262 -54.9157 92.4109
-303.197 -54.9909 92.6573
-300.181 -55.0577 92.9957
-297.322 -55.0757 93.4266
-294.496 -55.0789 93.9301
-291.81 -55.0916 94.4729
-289.241 -55.0494 95.0319
-286.809 -54.9904 95.5867
-284.456 -54.9373 96.1152
-282.217 -54.8661 96.5941
-280.057 -54.8153 97.0458
-277.998 -54.7834 97.3442
-276.052 -54.6793 97.664
-274.294 -54.6306 97.9071
-272.808 -54.5714 98.0481
-271.555 -54.5486 98.1511
-270.576 -54.5094 98.2538
-269.825 -54.4975 98.2787
-269.381 -54.478 98.2976
-269.187 -54.4805 98.2944
-269.141 -54.4753 98.2966
-269.156 -54.4791 98.2983
-269.153 -54.4785 98.3018
-269.158 -54.4822 98.3003
-269.159 -54.4813 98.2959
-269.162 -54.482 98.3039
-269.156 -54.48 98.2994
-269.162 -54.481 98.3055
-269.156 -54.4823 98.2991
-269.159 -54.4814 98.3037
-269.16 -54.4823 98.2954
-269.158 -54.4786 98.2988
-269.162 -54.4824 98.2987
-269.158 -54.4832 98.303
-269.163 -54.4824 98.3044
-269.162 -54.4818 98.3055
-269.164 -54.482 98.3073
-269.155 -54.484 98.2994
-269.155 -54.4846 98.3033
-269.156 -54.4839 98.2978
-269.163 -54.4883 98.3045
-269.161 -54.4903 98.3042
-269.161 -54.4907 98.3056
-269.161 -54.4891 98.3056
-269.157 -54.4878 98.3097
-269.156 -54.4889 98.3045
-269.16 -54.4864 98.3059
-269.159 -54.4857 98.309
-269.163 -54.4884 98.3092
-269.166 -54.4857 98.3106
-269.162 -54.4871 98.3031
-269.158 -54.4884 98.309
-269.152 -54.4829 98.3122
-269.162 -54.4892 98.3044
-269.158 -54.4855 98.3063
-269.159 -54.4884 98.3064
-269.163 -54.4873 98.3036
-269.161 -54.4856 98.3091
-269.158 -54.4836 98.3068
-269.161 -54.4852 98.3029
-269.161 -54.4889 98.3091
-269.161 -54.4863 98.3072
-269.161 -54.4849 98.3057
-269.162 -54.4861 98.3079
-269.162 -54.4836 98.3107
-269.16 -54.4859 98.3085
-269.156 -54.4824 98.3146
-269.152 -54.4852 98.3113
-269.16 -54.4837 98.3087
-269.151 -54.484 98.31
-269.161 -54.4852 98.3136
-269.159 -54.4817 98.3135
-269.164 -54.4847 98.3041
-269.163 -54.4853 98.3096
-269.156 -54.4839 98.3067
-269.163 -54.481 98.3108
-269.162 -54.484 98.3118
-269.162 -54.4835 98.3084
-269.159 -54.4837 98.3083
-269.157 -54.4816 98.3136
-269.16 -54.48 98.3087
-269.16 -54.4832 98.3069
-269.159 -54.4811 98.3083
-269.165 -54.485 98.3083
-269.168 -54.4827 98.3039
-269.158 -54.4838 98.3096
-269.156 -54.4836 98.3092
-269.158 -54.4823 98.3118
-269.161 -54.48 98.3109
-269.155 -54.4796 98.3125
-269.168 -54.4816 98.3083
-269.158 -54.4831 98.3083
-269.16 -54.4805 98.3078
-269.156 -54.481 98.3078
-269.157 -54.4854 98.3086
-269.16 -54.4843 98.3043
-269.159 -54.4847 98.307
-269.169 -54.4819 98.3086
-269.16 -54.4834 98.3045
-269.16 -54.4851 98.3053
-269.163 -54.4822 98.3119
-269.157 -54.4864 98.3092
-269.16 -54.4859 98.3056
-269.167 -54.4834 98.3081
-269.162 -54.4867 98.3097
-269.16 -54.4858 98.3076
-269.159 -54.485 98.3106
-269.16 -54.4837 98.3118
-269.162 -54.4872 98.3091
-269.162 -54.4862 98.3073
-269.161 -54.4834 98.3076
-269.158 -54.487 98.3114
-269.158 -54.4858 98.3073
-269.162 -54.4892 98.3089
-269.13 -54.4827 98.3071
-268.959 -54.4784 98.3101
-268.505 -54.4549 98.3363
-267.661 -54.4506 98.3635
-266.444 -54.4229 98.4066
-264.893 -54.4216 98.3495
-263.11 -54.4473 98.2489
-261.305 -54.4508 97.9022
-259.316 -54.4475 97.4018
-257.276 -54.4241 96.6914
-255.17 -54.4594 95.7565
-253.214 -54.5402 94.6276
-251.346 -54.5914 93.3446
-249.751 -54.7006 91.8
-248.387 -54.8396 90.1529
-247.475 -55.0052 88.2093
-246.822 -55.2359 86.205
-246.523 -55.5007 84.1248
-246.526 -55.7134 81.9449
-246.692 -55.9384 79.6774
-246.987 -56.1807 77.2954
-247.303 -56.44 74.7598
-247.669 -56.6404 72.2491
-248.2 -56.8907 69.6181
-248.862 -57.2102 66.9115
-249.553 -57.5083 64.1588
-250.288 -57.7786 61.1821
-251.035 -58.0936 58.2296
-251.86 -58.4085 55.0585
-252.614 -58.7927 52.0339
-253.456 -59.0742 48.7741
-254.265 -59.3919 45.6756
-255.092 -59.731 42.5632
-255.953 -60.0411 39.3797
-256.842 -60.3936 36.2068
-257.723 -60.6841 33.0542
-258.607 -61.0053 29.9045
-259.476 -61.3041 26.7151
-260.337 -61.5706 23.5148
-261.207 -61.8878 20.3304
-262.075 -62.2403 17.2072
-262.91 -62.5243 14.0913
-263.739 -62.8093 11.0268
-264.504 -63.062 8.1118
-265.323 -63.2627 5.1464
-266.053 -63.4667 2.19646
-266.746 -63.7184 -0.73463
-267.393 -63.963 -3.83128
-268.018 -64.2364 -7.02188
-268.69 -64.5139 -10.3508
-269.45 -64.783 -13.8838
-270.279 -65.0972 -17.5491
-271.175 -65.4044 -21.3601
-272.149 -65.7271 -25.2781
-273.167 -66.0442 -29.3065
-274.212 -66.3878 -33.4438
-275.292 -66.7293 -37.5827
-276.38 -67.0757 -41.8168
-277.514 -67.4187 -46.0997
-278.625 -67.7604 -50.4016
-279.671 -68.0933 -54.7517
-280.704 -68.4824 -59.1888
-281.74 -68.8785 -63.6009
-282.787 -69.27 -68.0816
-283.859 -69.7036 -72.6404
-284.905 -70.0744 -77.1683
-286.004 -70.4829 -81.7904
-287.124 -70.903 -86.4688
-288.254 -71.3503 -91.1632
-289.381 -71.7712 -95.8747
-290.541 -72.1733 -100.685
-291.699 -72.5723 -105.512
-292.842 -72.989 -110.329
-293.986 -73.3985 -115.128
-295.164 -73.823 -119.988
-296.335 -74.2584 -124.84
-297.527 -74.6574 -129.713
-298.71 -75.0876 -134.594
-299.867 -75.488 -139.446
-301.024 -75.901 -144.205
-302.152 -76.3211 -148.967
-303.314 -76.7413 -153.767
-304.477 -77.1929 -158.566
-305.619 -77.5947 -163.339
-306.777 -77.99 -168.131
-307.945 -78.405 -172.924
-309.094 -78.7883 -177.722
-310.26 -79.1577 -182.454
-311.445 -79.525 -187.271
-312.596 -79.883 -192.006
-313.742 -80.2461 -196.779
-314.836 -80.5912 -201.555
-315.919 -80.9504 -206.345
-316.944 -81.2657 -211.117
-317.947 -81.6269 -215.87
-318.898 -82.0062 -220.519
-319.845 -82.3593 -225.197
-320.789 -82.7434 -229.82
-321.698 -83.0891 -234.37
-322.554 -83.4093 -238.767
-323.396 -83.7407 -243.132
-324.177 -84.0159 -247.34
-324.914 -84.2836 -251.409
-325.516 -84.5342 -255.233
-326.063 -84.7641 -259.166
-326.484 -85.0042 -262.853
-326.827 -85.2356 -266.372
-327.131 -85.4117 -269.725
-327.365 -85.5885 -272.892
-327.555 -85.7598 -275.852
-327.729 -85.9176 -278.567
-327.874 -86.0472 -281.026
-327.982 -86.1594 -283.274
-328.07 -86.2598 -285.261
-328.128 -86.3467 -287.005
-328.181 -86.4235 -288.466
-328.217 -86.4814 -289.678
-328.251 -86.5303 -290.608
-328.269 -86.5679 -291.331
-328.281 -86.5882 -291.868
-328.303 -86.6144 -292.316
-328.303 -86.6262 -292.595
-328.309 -86.6373 -292.716
-328.307 -86.628 -292.703
-328.31 -86.6293 -292.7
-328.309 -86.634 -292.704
-328.306 -86.6363 -292.698
-328.302 -86.6439 -292.706
-328.305 -86.6389 -292.705
-328.306 -86.6459 -292.706
-328.307 -86.6479 -292.711
-328.308 -86.6622 -292.707
-328.305 -86.6486 -292.714
-328.299 -86.6442 -292.699
-328.313 -86.6315 -292.71
-328.306 -86.628 -292.714
-328.308 -86.6284 -292.701
-328.312 -86.6353 -292.705
-328.306 -86.6308 -292.699
-328.307 -86.6267 -292.706
-328.302 -86.6285 -292.705
-328.307 -86.6277 -292.706
-328.303 -86.628 -292.705
-328.309 -86.6264 -292.703
-328.309 -86.6306 -292.706
-328.308 -86.6251 -292.699
-328.305 -86.6277 -292.701
-328.304 -86.6271 -292.701
-328.31 -86.628 -292.705
-328.306 -86.6268 -292.705
-328.31 -86.6277 -292.705
-328.313 -86.6269 -292.706
-328.313 -86.6253 -292.7
-328.31 -86.6251 -292.703
-328.303 -86.6281 -292.706
-328.309 -86.6312 -292.708
-328.305 -86.6288 -292.695
-328.306 -86.6276 -292.703
-328.305 -86.6246 -292.704
-328.3 -86.6251 -292.704
-328.302 -86.6273 -292.695
-328.31 -86.6296 -292.702
-328.305 -86.6256 -292.699
-328.306 -86.6266 -292.71
-328.302 -86.6277 -292.701
-328.308 -86.6275 -292.698
-328.306 -86.6282 -292.703
-328.308 -86.6269 -292.71
-328.302 -86.6283 -292.711
-328.311 -86.6271 -292.702
-328.305 -86.6279 -292.693
-328.304 -86.6277 -292.712
-328.302 -86.627 -292.712
-328.306 -86.6244 -292.703
-328.304 -86.6285 -292.696
-328.307 -86.6208 -292.691
-328.305 -86.6273 -292.751
-328.306 -86.6369 -292.94
-328.328 -86.6557 -293.473
-328.361 -86.7123 -294.473
-328.434 -86.7877 -295.898
-328.547 -86.8799 -297.729
-328.661 -86.9828 -299.724
-328.691 -87.07 -301.65
-328.595 -87.1645 -303.526
-328.319 -87.2359 -305.3
-327.778 -87.2938 -306.913
-326.945 -87.3532 -308.26
-325.892 -87.3484 -309.315
-324.67 -87.317 -309.956
-323.256 -87.2577 -310.327
-321.689 -87.0815 -310.367
-320.019 -86.9128 -310.158
-318.252 -86.7119 -309.672
-316.314 -86.4832 -309.121
-314.15 -86.2589 -308.521
-311.791 -85.9905 -307.905
-309.344 -85.6997 -307.373
-306.709 -85.4109 -306.933
-303.99 -85.0957 -306.496
-301.233 -84.8053 -306.124
-298.532 -84.5459 -305.776
-295.971 -84.2729 -305.393
-293.589 -84.0389 -304.939
-291.356 -83.7681 -304.204
-289.275 -83.5 -303.228
-287.328 -83.2453 -301.998
-285.561 -82.9731 -300.573
-284.027 -82.7294 -298.961
-282.673 -82.4911 -297.171
-281.606 -82.277 -295.32
-280.617 -82.0504 -293.583
-279.678 -81.8838 -291.957
-278.562 -81.7029 -290.48
-277.262 -81.5513 -289.229
-275.754 -81.4041 -288.193
-274.102 -81.237 -287.25
-272.366 -81.0978 -286.743
-270.372 -80.9251 -286.467
-268.375 -80.8006 -286.332
-266.202 -80.6278 -286.357
-263.902 -80.4274 -286.414
-261.546 -80.2315 -286.468
-259.087 -80.0342 -286.564
-256.576 -79.8223 -286.646
-253.94 -79.6236 -286.741
-251.292 -79.4178 -286.831
-248.559 -79.1713 -286.905
-245.863 -78.9527 -286.973
-243.251 -78.6885 -287.085
-240.659 -78.4807 -287.214
-238.201 -78.2639 -287.347
-235.896 -78.0417 -287.435
-233.742 -77.8194 -287.562
-231.738 -77.594 -287.644
-229.898 -77.415 -287.703
-228.18 -77.1993 -287.741
-226.642 -77.026 -287.733
-225.3 -76.8609 -287.693
-224.047 -76.6873 -287.6
-222.872 -76.5196 -287.464
-221.78 -76.3565 -287.258
-220.789 -76.1895 -286.898
-219.901 -76.022 -286.399
-219.073 -75.8576 -285.801
-218.45 -75.7196 -285.08
-217.829 -75.5654 -284.197
-217.247 -75.3901 -283.088
-216.727 -75.2098 -281.616
-216.236 -75.0264 -279.995
-215.797 -74.8319 -278.176
-215.376 -74.6216 -276.26
-214.88 -74.4038 -274.19
-214.382 -74.1699 -271.949
-213.862 -73.909 -269.556
-213.283 -73.6425 -267.05
-212.67 -73.3426 -264.403
-212.007 -73.0208 -261.635
-211.3 -72.6792 -258.76
-210.601 -72.3369 -255.837
-209.844 -71.9862 -252.818
-209.054 -71.6104 -249.712
-208.196 -71.2355 -246.478
-207.299 -70.8238 -243.192
-206.425 -70.4363 -239.827
-205.498 -70.0724 -236.429
-204.532 -69.6818 -232.894
-203.586 -69.302 -229.344
-202.632 -68.9414 -225.752
-201.719 -68.5731 -222.316
-200.71 -68.2035 -218.593
-199.754 -67.8543 -214.93
-198.767 -67.5216 -211.202
-197.81 -67.199 -207.485
-196.872 -66.8553 -203.817
-195.914 -66.5148 -200.17
-194.985 -66.0943 -196.534
-194.03 -65.6433 -192.926
-193.083 -65.1404 -189.323
-192.137 -64.6179 -185.71
-191.238 -64.1232 -182.114
-190.358 -63.6015 -178.514
-189.438 -63.0772 -174.859
-188.588 -62.6189 -171.172
-187.747 -62.1221 -167.466
-186.891 -61.6459 -163.656
-186.028 -61.1992 -159.909
-185.178 -60.7056 -156.117
-184.329 -60.2303 -152.316
-183.479 -59.7432 -148.519
-182.604 -59.2951 -144.718
-181.727 -58.8442 -140.896
-180.873 -58.3961 -137.072
-180.073 -57.9412 -133.276
-179.276 -57.5437 -129.558
-178.459 -57.0817 -125.939
-177.638 -56.6996 -122.439
-176.815 -56.3277 -118.989
-176.022 -55.932 -115.654
-175.237 -55.572 -112.442
-174.484 -55.2472 -109.283
-173.696 -54.916 -106.226
-172.939 -54.6461 -103.24
-172.188 -54.3709 -100.284
-171.495 -54.1136 -97.4759
-170.828 -53.8512 -94.6365
-170.225 -53.5808 -91.8922
-169.612 -53.3192 -89.2443
-168.984 -53.0726 -86.6661
-168.284 -52.8463 -84.2142
-167.447 -52.6083 -81.9284
-166.424 -52.3724 -79.9643
-165.223 -52.1513 -78.4592
-164.026 -51.9073 -77.4796
-162.803 -51.6531 -76.8959
-161.654 -51.4659 -76.6876
-160.688 -51.3022 -76.6808
-159.704 -51.2002 -76.8716
-158.712 -51.0551 -77.1772
-157.752 -50.9383 -77.6192
-156.779 -50.8104 -78.1483
-155.759 -50.7113 -78.8004
-154.75 -50.5293 -79.44
-153.728 -50.4226 -80.1378
-152.661 -50.226 -80.8077
-151.575 -50.0649 -81.486
-150.461 -49.8935 -82.1401
-149.261 -49.6864 -82.7318
-148.039 -49.4924 -83.2571
-146.725 -49.2462 -83.687
-145.356 -49.0029 -83.9988
-143.903 -48.7485 -84.2019
-142.25 -48.4865 -84.1896
-140.701 -48.1464 -84.0138
-139.112 -47.7941 -83.581
-137.624 -47.4488 -83.0004
-136.267 -47.1015 -82.1837
-134.964 -46.7659 -81.296
-133.809 -46.4644 -80.3058
-132.708 -46.1188 -79.2859
-131.651 -45.7793 -78.196
-130.672 -45.4502 -76.9761
-129.79 -45.1636 -75.6767
-128.946 -44.8558 -74.2884
-128.248 -44.5614 -72.8146
-127.575 -44.2386 -71.1984
-126.967 -43.9644 -69.4665
-126.494 -43.7015 -67.5924
-126.105 -43.4533 -65.6472
-125.714 -43.2107 -63.7056
-125.34 -42.9845 -61.8577
-124.949 -42.7483 -59.9929
-124.495 -42.477 -58.0462
-124.052 -42.1877 -55.9511
-123.5 -41.9307 -53.8113
-122.942 -41.6231 -51.6025
-122.411 -41.3361 -49.439
-121.905 -41.0254 -47.3552
-121.416 -40.6324 -45.2671
-120.908 -40.2161 -43.1083
-120.305 -39.8016 -40.9014
-119.662 -39.3666 -38.8131
-118.961 -38.9291 -36.7059
-118.212 -38.5067 -34.5823
-117.524 -38.1873 -32.5515
-116.713 -37.7378 -30.6199
-115.89 -37.3347 -28.6383
-115.067 -36.8755 -26.709
-114.178 -36.4297 -24.7516
-113.227 -35.9709 -22.6811
-112.081 -35.4828 -20.6276
-110.855 -34.978 -18.5751
-109.52 -34.4848 -16.4435
-108.131 -33.8902 -14.3949
-106.664 -33.3703 -12.3161
-105.184 -32.7817 -10.2525
-103.614 -32.1648 -8.23255
-102.026 -31.5594 -6.23255
-100.395 -30.9315 -4.26617
-98.7079 -30.3378 -2.34834
-97.0375 -29.6897 -0.441138
-95.3491 -29.019 1.42178
-93.622 -28.371 3.25964
-91.8159 -27.7357 5.05646
-90.0202 -27.0484 6.84038
-88.0517 -26.4252 8.85077
-86.1924 -25.8321 10.7316
-84.2292 -25.2607 12.6983
-82.1968 -24.6729 14.742
-80.1242 -24.1118 16.7747
-78.014 -23.5706 18.9191
-76.0225 -23.0782 20.9993
-74.0726 -22.606 23.038
-72.1794 -22.1412 25.0623
-70.286 -21.7198 27.0836
-68.2999 -21.2897 28.9975
-66.2875 -20.8566 30.8059
-64.1958 -20.425 32.6395
-62.1928 -20.0736 34.3402
-60.076 -19.5907 35.9889
-57.9987 -19.1659 37.6509
-55.9598 -18.7184 39.2675
-53.9511 -18.3109 40.7946
-51.98 -17.8624 42.2726
-50.0491 -17.3574 43.7868
-48.2037 -16.8829 45.2191
-46.3511 -16.4108 46.5864
-44.4961 -15.9376 47.7471
-42.5678 -15.4807 48.7487
-40.5641 -15.0344 49.5937
-38.5507 -14.5735 50.2562
-36.4685 -14.1111 50.7086
-34.3727 -13.6685 50.9032
-32.332 -13.262 50.7432
-30.3168 -12.8346 50.2408
-28.4106 -12.4533 49.5014
-26.5637 -12.0676 48.5581
-24.9891 -11.7133 47.3972
-23.6486 -11.385 46.0664
-22.4851 -11.0894 44.5495
-21.4404 -10.8085 42.916
-20.5015 -10.5493 41.1254
-19.6141 -10.2841 39.2104
-18.7576 -10.148 37.1403
-17.9155 -9.92568 35.0079
-17.0621 -9.65664 32.7901
-16.2 -9.40512 30.4489
-15.4589 -9.24545 28.2297
-14.8599 -9.04817 26.1813
-14.3254 -8.90684 24.2663
-13.8833 -8.78058 22.3437
-13.4488 -8.67044 20.5736
-13.0721 -8.54313 18.7769
-12.722 -8.46613 17.146
-12.3514 -8.40003 15.6249
-11.8991 -8.36327 14.2687
-11.3627 -8.3289 13.0203
-10.7041 -8.29338 11.9571
-9.96986 -8.25672 11.1223
-9.17723 -8.21135 10.5599
-8.32818 -8.14676 10.1768
-7.38618 -8.1103 10.0499
-6.48503 -8.06431 10.0738
-5.59391 -8.02576 10.258
-4.75893 -8.00068 10.6491
-3.93388 -7.98488 11.1439
-3.10185 -7.97665 11.7651
-2.39324 -7.94792 12.5634
-1.62755 -7.96224 13.3074
-0.926835 -7.93247 14.1076
-0.189205 -7.91531 14.8245
0.552098 -7.91515 15.4646
1.37734 -7.89985 16.014
2.28028 -7.88342 16.4937
3.27912 -7.86256 16.8733
4.31972 -7.8696 17.147
5.30752 -7.86842 17.3422
6.27666 -7.86873 17.434
7.11201 -7.87001 17.5227
7.78079 -7.86624 17.5415
8.30524 -7.88288 17.5789
8.68077 -7.87154 17.5897
9.0164 -7.87534 17.6237
9.35293 -7.88511 17.661
9.68551 -7.88089 17.7046
9.97233 -7.8794 17.7313
10.1549 -7.88844 17.7518
10.2166 -7.88512 17.7507
10.1999 -7.88528 17.7514
10.2026 -7.88468 17.7587
10.2009 -7.88528 17.7613
10.2067 -7.88814 17.7586
10.2025 -7.88578 17.7534
10.2101 -7.88605 17.7581
10.2082 -7.88319 17.7514
10.2066 -7.88797 17.7511
10.206 -7.88669 17.7507
10.2046 -7.8892 17.7515
10.2081 -7.89169 17.7514
10.2035 -7.89176 17.7648
10.2069 -7.89243 17.7548
10.2084 -7.89021 17.7579
10.2008 -7.88005 17.7641
10.2014 -7.88476 17.763
10.2156 -7.87979 17.7552
10.208 -7.88076 17.755
10.1968 -7.87836 17.7742
10.2023 -7.88032 17.7564
10.1959 -7.88346 17.7535
10.2004 -7.87964 17.7436
10.1987 -7.87932 17.7528
10.1958 -7.87909 17.7521
10.1996 -7.88049 17.7524
10.2049 -7.8775 17.7524
10.2031 -7.87905 17.758
10.2121 -7.88161 17.7498
10.2098 -7.88244 17.7414
10.2099 -7.88252 17.7615
10.2022 -7.87929 17.7625
10.2172 -7.88226 17.7454
10.2093 -7.88282 17.7512
10.2135 -7.88274 17.7541
10.2082 -7.8818 17.7578
10.2091 -7.8842 17.7453
10.2066 -7.88119 17.7489
10.2016 -7.87963 17.7617
10.2047 -7.88172 17.7485
10.2049 -7.88401 17.7551
10.2012 -7.88294 17.7579
10.2042 -7.88273 17.7555
10.2019 -7.88266 17.7587
10.1992 -7.88044 17.7503
10.2058 -7.88303 17.756
10.208 -7.88608 17.7539
10.2073 -7.88369 17.7608
10.1986 -7.88139 17.7512
10.2002 -7.88606 17.75
10.2114 -7.88541 17.7412
10.2096 -7.88211 17.7459
10.2143 -7.883 17.7506
10.2058 -7.88155 17.76
10.2168 -7.88202 17.7502
10.2118 -7.88118 17.7495
