0.0283049 -2.29544e-06 0.00782218
-0.46227 -0.0267351 -0.00697907
-0.836847 -0.0514919 -0.0762513
-1.50208 -0.107314 -0.177057
-2.38371 -0.184203 -0.195807
-3.30824 -0.239197 -0.0810926
-4.13686 -0.315898 0.139847
-4.76777 -0.372978 0.443587
-5.23242 -0.394301 0.700774
-5.52866 -0.418792 0.912977
-5.82874 -0.442922 1.18297
-5.64984 -0.434155 0.893391
-5.4891 -0.413517 0.5922
-5.3353 -0.39864 0.173028
-5.24508 -0.394853 -0.390761
-5.23747 -0.393898 -1.05733
-5.33035 -0.379504 -1.81189
-5.61552 -0.426414 -2.60587
-6.15159 -0.447983 -3.46228
-6.80222 -0.489571 -4.31694
-7.73495 -0.558392 -5.11034
-8.87742 -0.652682 -5.82104
-10.1947 -0.782091 -6.45462
-11.5394 -0.906262 -7.09494
-13.0871 -1.05996 -7.64638
-14.6137 -1.22554 -8.28144
-16.1998 -1.37803 -8.86262
-17.8031 -1.54034 -9.5986
-19.47 -1.80089 -10.4351
-21.0635 -2.07826 -11.398
-22.5365 -2.31526 -12.612
-23.8551 -2.5038 -14.0106
-25.0242 -2.66776 -15.5954
-26.0098 -2.73821 -17.4232
-26.8001 -2.76693 -19.3792
-27.3446 -2.80841 -21.5091
-27.8665 -2.85266 -23.5458
-28.4109 -2.87331 -25.6834
-28.9875 -2.92265 -27.8591
-29.6147 -2.97791 -30.1185
-30.2292 -3.0358 -32.4045
-30.8631 -3.08924 -34.7753
-31.5213 -3.17453 -37.1827
-32.1685 -3.25423 -39.6402
-32.8469 -3.31974 -42.1958
-33.5057 -3.42083 -44.7815
-34.1912 -3.50257 -47.4278
-34.889 -3.57877 -50.2102
-35.605 -3.67293 -52.9511
-36.315 -3.74539 -55.7973
-37.063 -3.82555 -58.7879
-37.8086 -3.91193 -61.7231
-38.553 -4.02038 -64.7205
-39.3075 -4.12229 -67.7736
-40.0724 -4.20867 -70.9011
-40.8674 -4.30245 -73.9773
-41.6102 -4.38406 -77.0968
-42.3389 -4.4675 -80.2067
-43.0938 -4.58515 -83.3638
-43.8014 -4.70488 -86.491
-44.4641 -4.80977 -89.6832
-45.0889 -4.88808 -92.864
-45.6723 -4.97012 -96.0894
-46.2797 -5.03893 -99.3394
-46.8525 -5.12416 -102.65
-47.413 -5.17979 -105.987
-47.9756 -5.2483 -109.335
-48.5382 -5.34345 -112.747
-49.1156 -5.43579 -116.175
-49.6701 -5.52918 -119.614
-50.2554 -5.62152 -123.025
-50.8568 -5.70834 -126.459
-51.4453 -5.79795 -129.856
-52.0012 -5.9048 -133.17
-52.5483 -5.98447 -136.467
-53.0803 -6.03314 -139.707
-53.6389 -6.11112 -142.944
-54.2016 -6.14339 -146.092
-54.7333 -6.20822 -149.166
-55.261 -6.22659 -152.239
-55.7457 -6.33473 -155.252
-56.2368 -6.40726 -158.276
-56.6851 -6.47863 -161.281
-57.06 -6.52683 -164.365
-57.4145 -6.59691 -167.399
-57.7161 -6.6812 -170.499
-57.9449 -6.7886 -173.613
-58.1275 -6.78784 -176.709
-58.2465 -6.87995 -179.768
-58.3498 -6.93923 -182.842
-58.4087 -7.03025 -185.86
-58.4066 -7.07796 -188.794
-58.4035 -7.10791 -191.649
-58.3647 -7.15329 -194.391
-58.2903 -7.18933 -197.008
-58.1778 -7.20741 -199.306
-58.1195 -7.24513 -201.367
-58.0431 -7.2115 -203.148
-57.9094 -7.20327 -204.881
-57.8227 -7.21743 -206.518
-57.6701 -7.31223 -208.176
-57.5407 -7.36941 -209.797
-57.4027 -7.38977 -211.689
-57.2152 -7.43415 -213.709
-57.0365 -7.5029 -215.938
-56.8494 -7.56361 -218.326
-56.6616 -7.64421 -220.888
-56.4043 -7.70651 -223.543
-56.1655 -7.80154 -226.369
-55.9101 -7.87734 -229.265
-55.622 -7.97895 -232.274
-55.2683 -8.09321 -235.4
-54.8556 -8.2247 -238.627
-54.3999 -8.35397 -241.903
-53.8414 -8.45314 -245.267
-53.2799 -8.53139 -248.539
-52.6491 -8.641 -251.78
-52.0307 -8.73033 -254.984
-51.4008 -8.83738 -258.213
-50.7202 -8.97978 -261.443
-49.9995 -9.10076 -264.652
-49.2994 -9.1868 -267.905
-48.5442 -9.30293 -271.165
-47.7742 -9.39941 -274.411
-46.9385 -9.50682 -277.686
-46.0176 -9.59197 -280.917
-44.9567 -9.63012 -284.133
-43.8505 -9.68622 -287.294
-42.5808 -9.68955 -290.386
-41.2049 -9.66722 -293.448
-39.8013 -9.68574 -296.527
-38.3503 -9.69564 -299.564
-36.7496 -9.67019 -302.613
-35.1734 -9.66131 -305.555
-33.5039 -9.55549 -308.492
-31.8308 -9.48096 -311.389
-30.1059 -9.41955 -314.271
-28.392 -9.36395 -317.144
-26.6343 -9.30957 -320.015
-24.9759 -9.25397 -322.833
-23.3903 -9.17509 -325.709
-21.9754 -9.07473 -328.576
-20.8101 -9.01179 -331.504
-19.8064 -8.99189 -334.478
-19.0249 -8.96412 -337.519
-18.4952 -8.97872 -340.455
-18.1251 -9.02334 -343.422
-17.877 -9.06771 -346.448
-17.7007 -9.14712 -349.361
-17.4765 -9.20222 -352.255
-17.1553 -9.25038 -355.074
-16.7115 -9.28327 -357.891
-16.1532 -9.29243 -360.617
-15.324 -9.29207 -363.285
-14.3005 -9.23363 -365.841
-12.94 -9.15899 -368.21
-11.4646 -9.08556 -370.299
-9.75125 -8.94863 -372.017
-7.78943 -8.80312 -373.271
-5.74088 -8.61015 -373.969
-3.70234 -8.44436 -374.223
-1.75461 -8.23379 -374.037
0.138363 -8.0747 -373.475
1.91815 -7.91435 -372.445
3.67116 -7.75171 -371.075
5.34658 -7.61519 -369.402
7.05169 -7.45704 -367.544
8.85037 -7.30994 -365.529
10.755 -7.15848 -363.34
12.7839 -7.00116 -361.106
14.9942 -6.85012 -358.802
17.437 -6.69151 -356.385
20.0437 -6.53757 -353.902
22.7985 -6.40237 -351.303
25.6669 -6.29884 -348.619
28.5843 -6.21319 -345.919
31.5315 -6.12879 -343.216
34.5918 -6.04488 -340.469
37.6662 -5.96439 -337.704
40.8152 -5.92076 -334.865
43.9597 -5.88693 -332.029
47.0947 -5.87419 -329.187
50.2471 -5.84489 -326.255
53.3564 -5.84843 -323.351
56.4617 -5.84485 -320.403
59.5719 -5.85028 -317.474
62.5705 -5.86936 -314.673
65.5747 -5.85532 -311.897
68.5071 -5.85961 -309.242
71.412 -5.86518 -306.628
74.2608 -5.88379 -304.035
77.034 -5.88791 -301.54
79.8275 -5.89331 -299.116
82.5891 -5.8868 -296.81
85.3455 -5.89062 -294.514
88.173 -5.92797 -292.23
91.0699 -5.93615 -289.95
93.9321 -5.94443 -287.726
96.8834 -5.94383 -285.53
99.8533 -5.93458 -283.378
102.912 -5.92743 -281.23
105.976 -5.91744 -279.102
109.059 -5.9047 -276.957
112.1 -5.90676 -274.842
115.183 -5.88673 -272.716
118.268 -5.87619 -270.522
121.355 -5.88234 -268.286
124.462 -5.91965 -266.044
127.598 -5.95699 -263.852
130.762 -6.01706 -261.648
133.939 -6.06576 -259.449
137.103 -6.11294 -257.256
140.303 -6.16866 -255.055
143.423 -6.24698 -252.903
146.427 -6.32308 -250.819
149.462 -6.40588 -248.69
152.466 -6.49414 -246.523
155.378 -6.59521 -244.457
158.223 -6.69485 -242.469
161.014 -6.78034 -240.5
163.726 -6.86682 -238.62
166.292 -6.94568 -236.819
168.714 -7.03447 -235.072
171.107 -7.12197 -233.315
173.576 -7.20771 -231.51
176.162 -7.29272 -229.678
178.874 -7.37422 -227.857
181.69 -7.47244 -225.971
184.667 -7.61102 -223.968
187.647 -7.67749 -221.934
190.64 -7.75211 -219.798
193.684 -7.84995 -217.535
196.834 -7.94206 -215.144
199.941 -8.01341 -212.755
203.04 -8.09624 -210.329
206.088 -8.1842 -207.954
209.088 -8.26568 -205.605
212.09 -8.35349 -203.267
215.13 -8.4303 -200.956
218.244 -8.5357 -198.656
221.393 -8.61836 -196.395
224.594 -8.71053 -194.1
227.831 -8.81095 -191.804
231.082 -8.90704 -189.495
234.334 -8.99721 -187.207
237.558 -9.09297 -184.934
240.683 -9.13351 -182.713
243.846 -9.18493 -180.428
246.936 -9.19402 -178.069
249.925 -9.20123 -175.731
252.802 -9.1867 -173.36
255.533 -9.17232 -170.896
258.175 -9.12988 -168.342
260.813 -9.10929 -165.686
263.363 -9.07042 -162.933
265.783 -9.02818 -160.172
268.106 -8.96543 -157.369
270.341 -8.88165 -154.544
272.436 -8.79243 -151.708
274.456 -8.70391 -148.868
276.32 -8.66169 -145.962
278 -8.63408 -143.074
279.466 -8.56284 -140.077
280.666 -8.51265 -137.113
281.58 -8.49621 -134.075
282.203 -8.50914 -131.026
282.476 -8.53113 -128.027
282.423 -8.61589 -124.912
282.047 -8.72734 -121.827
281.406 -8.89069 -118.829
280.416 -9.10175 -115.862
279.176 -9.40293 -112.964
277.614 -9.78435 -110.162
275.912 -10.1373 -107.447
274.078 -10.5033 -104.737
272.158 -10.8707 -102.034
270.245 -11.2346 -99.2228
268.483 -11.5856 -96.3657
266.862 -11.9036 -93.386
265.479 -12.1623 -90.2859
264.383 -12.3695 -87.1345
263.574 -12.6038 -83.8391
263.08 -12.7925 -80.5821
262.947 -12.9259 -77.2385
263.178 -13.0369 -73.9035
263.795 -13.1247 -70.6073
264.777 -13.152 -67.3932
266.081 -13.1268 -64.2711
267.612 -13.0963 -61.23
269.317 -13.0282 -58.3041
271.156 -12.9521 -55.3204
273.03 -12.8594 -52.3851
274.996 -12.7302 -49.2784
276.983 -12.6455 -46.1685
279.036 -12.559 -43.018
281.112 -12.4531 -39.8091
283.22 -12.3446 -36.5233
285.308 -12.2528 -33.2695
287.412 -12.1595 -29.9957
289.469 -12.0508 -26.6804
291.506 -11.949 -23.3157
293.474 -11.8092 -19.9371
295.392 -11.6572 -16.5347
297.22 -11.513 -13.1377
298.904 -11.3675 -9.65492
300.398 -11.2767 -6.09407
301.689 -11.1473 -2.42415
302.804 -11.0329 1.3097
303.783 -10.9164 5.04383
304.66 -10.818 8.82866
305.43 -10.7521 12.6031
306.15 -10.6903 16.4005
306.762 -10.6151 20.195
307.309 -10.5593 23.9681
307.833 -10.5278 27.7326
308.298 -10.5219 31.4857
308.789 -10.5085 35.2415
309.317 -10.5077 39.0182
309.871 -10.4801 42.7823
310.403 -10.4724 46.551
310.932 -10.4149 50.3336
311.47 -10.3608 54.1232
312.009 -10.3073 57.9274
312.575 -10.2179 61.8248
313.099 -10.1414 65.6084
313.612 -10.0342 69.3867
314.136 -9.92601 73.1953
314.662 -9.78905 77.0518
315.163 -9.65097 80.8661
315.631 -9.51596 84.53
316.123 -9.36826 88.2542
316.607 -9.2169 91.9274
317.122 -9.11425 95.5938
317.591 -8.96673 99.187
318.054 -8.83415 102.675
318.553 -8.65897 106.339
319.011 -8.47304 109.935
319.457 -8.30604 113.414
319.883 -8.14576 116.919
320.294 -7.97335 120.342
320.726 -7.78927 123.719
321.165 -7.62814 127.041
321.565 -7.4402 130.381
321.984 -7.23913 133.618
322.412 -7.04025 136.845
322.789 -6.85111 140.034
323.199 -6.67456 143.194
323.604 -6.50103 146.367
323.981 -6.33941 149.451
324.355 -6.1659 152.462
324.751 -5.98518 155.407
325.143 -5.8241 158.328
325.517 -5.67656 161.063
325.913 -5.55402 163.57
326.239 -5.41454 166.032
326.566 -5.28739 168.305
326.81 -5.14818 170.356
327.016 -5.03437 172.233
327.181 -4.9446 173.843
327.301 -4.85693 175.228
327.377 -4.78625 176.313
327.426 -4.72345 177.148
327.4 -4.66469 177.975
327.367 -4.60588 178.876
327.242 -4.54985 179.878
326.926 -4.49634 181.138
326.265 -4.42757 182.666
325.231 -4.35781 184.284
323.815 -4.33531 185.881
322.162 -4.32402 187.512
320.331 -4.32584 189.205
318.32 -4.33202 190.963
316.141 -4.3287 192.891
313.784 -4.32559 194.858
311.246 -4.3334 196.967
308.673 -4.33524 199.174
306.049 -4.31774 201.439
303.224 -4.31117 203.964
300.372 -4.27246 206.501
297.397 -4.22867 209.129
294.355 -4.17081 211.727
291.208 -4.14143 214.482
288.093 -4.11644 217.185
284.814 -4.04767 220.025
281.545 -4.01201 222.769
278.194 -3.98699 225.501
274.836 -3.95865 228.168
271.422 -3.93707 230.859
267.987 -3.8831 233.586
264.553 -3.84425 236.266
261.071 -3.79339 238.954
257.634 -3.8054 241.744
254.219 -3.74107 244.548
250.75 -3.66433 247.36
247.184 -3.60156 250.222
243.67 -3.52969 253.073
240.065 -3.52041 255.911
236.465 -3.49911 258.763
232.861 -3.50187 261.605
229.194 -3.52667 264.522
225.562 -3.55676 267.497
222.084 -3.61498 270.446
218.578 -3.70721 273.407
215.132 -3.82668 276.352
211.684 -3.9536 279.19
208.151 -4.16684 282.026
204.625 -4.38718 284.748
201.07 -4.62011 287.363
197.348 -4.88545 289.843
193.443 -5.25697 292.089
189.389 -5.67117 294.021
185.15 -6.13361 295.668
180.878 -6.62591 297.113
176.675 -7.11036 298.413
172.533 -7.58186 299.618
168.509 -8.0548 300.753
164.64 -8.47264 301.859
160.888 -8.86065 302.916
157.352 -9.20954 303.932
154.087 -9.53178 304.869
150.961 -9.81798 305.685
148.198 -10.0756 306.359
145.741 -10.3094 306.887
143.561 -10.4927 307.308
141.688 -10.665 307.653
140.046 -10.8037 307.935
138.668 -10.9264 308.183
137.527 -11.0228 308.363
136.643 -11.1105 308.516
135.918 -11.1773 308.632
135.431 -11.2205 308.717
134.967 -11.27 308.788
134.596 -11.3087 308.858
134.012 -11.3649 308.964
133.589 -11.3937 309.039
132.984 -11.4559 309.137
132.157 -11.5447 309.299
131.056 -11.6299 309.499
129.752 -11.7475 309.707
128.339 -11.87 309.923
126.758 -12.0097 310.112
125.005 -12.156 310.315
123.163 -12.3295 310.436
121.164 -12.5216 310.609
119.018 -12.7275 310.594
116.828 -12.9164 310.561
114.597 -13.1203 310.34
112.434 -13.3116 310.116
110.421 -13.4766 309.628
108.712 -13.6959 309.061
107.117 -13.9017 308.327
105.68 -14.0587 307.52
104.316 -14.2303 306.509
102.969 -14.4129 305.425
101.733 -14.5766 304.162
100.621 -14.748 302.648
99.5658 -14.9138 300.946
98.6955 -15.0893 299.089
97.965 -15.2551 297.086
97.4319 -15.3894 295.099
97.0195 -15.5384 293.051
96.6369 -15.6748 290.926
96.2636 -15.8427 288.743
95.8909 -15.9649 286.476
95.5253 -16.1661 284.048
95.1181 -16.3522 281.404
94.6459 -16.5519 278.49
94.1168 -16.7823 275.469
93.4892 -17.0252 272.211
92.7195 -17.3129 268.695
91.8402 -17.6067 265.233
90.8017 -17.9393 261.617
89.6628 -18.2441 258.132
88.4183 -18.5853 254.636
87.0793 -18.9074 251.175
85.6689 -19.2321 247.911
84.1671 -19.5657 244.735
82.6097 -19.8895 241.633
81.0059 -20.2131 238.659
79.4217 -20.531 235.854
77.8371 -20.8371 233.197
76.1726 -21.1503 230.534
74.5394 -21.4373 228.024
72.8703 -21.7215 225.547
71.2218 -21.9965 223.183
69.5799 -22.2489 220.909
68.0062 -22.5039 218.798
66.449 -22.7226 216.783
64.9359 -22.9191 214.894
63.4946 -23.1227 213.135
62.0915 -23.3247 211.49
60.7005 -23.4932 209.914
59.3588 -23.6522 208.427
58.0452 -23.807 207.038
56.8075 -23.9474 205.77
55.6094 -24.089 204.614
54.5367 -24.2034 203.556
53.5696 -24.3121 202.654
52.7171 -24.4132 201.896
51.9878 -24.4968 201.287
51.4215 -24.5615 200.802
50.9964 -24.6105 200.447
50.6917 -24.6498 200.188
50.3642 -24.6918 199.92
49.9921 -24.7516 199.621
49.6746 -24.791 199.369
49.2267 -24.8338 199.007
48.6316 -24.933 198.562
47.8714 -25.0106 197.974
46.9377 -25.1119 197.282
45.8375 -25.2494 196.508
44.6508 -25.3887 195.646
43.3111 -25.5454 194.729
41.8519 -25.7262 193.747
40.2473 -25.9195 192.73
38.4705 -26.1311 191.672
36.4963 -26.3383 190.484
34.3031 -26.5694 189.236
31.9152 -26.8312 187.958
29.2816 -27.1178 186.6
26.5348 -27.4366 185.283
23.5722 -27.7563 183.904
20.4164 -28.1063 182.524
16.9505 -28.5154 180.988
13.3865 -28.9298 179.629
9.61543 -29.3689 178.258
5.69121 -29.8026 176.865
1.76643 -30.2621 175.513
-2.18561 -30.7406 174.14
-6.14455 -31.2186 172.813
-10.1511 -31.6922 171.546
-14.143 -32.1603 170.289
-18.1392 -32.6582 169.007
-22.205 -33.1619 167.704
-26.3428 -33.6343 166.292
-30.6194 -34.0972 164.864
-34.9901 -34.6043 163.424
-39.23 -35.0626 161.992
-43.8041 -35.5563 160.472
-48.1057 -36.0045 159.042
-52.5692 -36.4613 157.567
-56.886 -36.9097 156.147
-61.2123 -37.3722 154.728
-65.5485 -37.8405 153.308
-69.7383 -38.2723 151.908
-73.9042 -38.6832 150.505
-78.0446 -39.0946 149.134
-82.1689 -39.4862 147.761
-86.1992 -39.8724 146.378
-90.2317 -40.2706 144.988
-94.176 -40.657 143.616
-98.0955 -41.0222 142.228
-101.897 -41.3671 140.791
-105.815 -41.7565 139.413
-109.619 -42.1233 137.972
-113.422 -42.4945 136.493
-117.189 -42.867 134.916
-120.928 -43.2052 133.295
-124.523 -43.5461 131.583
-127.971 -43.8804 129.716
-131.289 -44.1757 127.65
-134.412 -44.5493 125.475
-137.429 -44.8606 123.176
-140.331 -45.2543 120.82
-143.134 -45.6337 118.495
-145.846 -45.9695 116.237
-148.47 -46.2673 114.113
-151.086 -46.5739 112.245
-153.784 -46.8729 110.546
-156.496 -47.1806 109.116
-159.187 -47.4474 107.908
-161.923 -47.7063 106.953
-164.613 -47.9265 106.284
-167.292 -48.124 105.854
-169.925 -48.3106 105.657
-172.518 -48.4811 105.664
-175.133 -48.6709 105.899
-177.622 -48.8203 106.3
-180.009 -48.9522 106.845
-182.237 -49.0377 107.512
-184.335 -49.1178 108.292
-186.286 -49.2151 109.121
-188.073 -49.2984 109.964
-189.77 -49.377 110.753
-191.3 -49.4179 111.476
-192.756 -49.4729 112.176
-194.131 -49.5143 112.844
-195.43 -49.5539 113.461
-196.683 -49.5961 114.075
-197.868 -49.627 114.65
-199.001 -49.648 115.184
-200.064 -49.6816 115.693
-201.007 -49.7103 116.137
-201.801 -49.7281 116.525
-202.465 -49.7474 116.839
-202.965 -49.762 117.079
-203.302 -49.7649 117.243
-203.609 -49.7716 117.387
-204.008 -49.7875 117.589
-204.377 -49.7937 117.768
-204.897 -49.8076 118.01
-205.562 -49.8211 118.327
-206.394 -49.843 118.727
-207.415 -49.8713 119.207
-208.608 -49.9113 119.763
-209.896 -49.9424 120.37
-211.298 -49.9729 121.027
-212.791 -50.0159 121.735
-214.424 -50.0704 122.496
-216.06 -50.1041 123.231
-217.7 -50.1461 123.997
-219.323 -50.1899 124.73
-220.779 -50.2378 125.433
-222.03 -50.2726 126.012
-223.135 -50.3052 126.531
-224.062 -50.3277 126.953
-224.898 -50.3505 127.349
-225.746 -50.363 127.734
-226.593 -50.3815 128.126
-227.439 -50.3965 128.515
-228.287 -50.4172 128.913
-229.174 -50.4311 129.335
-230.155 -50.4512 129.811
-231.183 -50.4608 130.312
-232.317 -50.4882 130.901
-233.508 -50.4907 131.606
-234.72 -50.4844 132.466
-235.851 -50.488 133.531
-236.864 -50.4325 134.728
-237.581 -50.3689 136.206
-237.934 -50.267 137.794
-238.11 -50.1395 139.459
-238.069 -49.981 140.997
-237.731 -49.8405 143.148
-237.116 -49.6093 145.334
-236.46 -49.4463 147.414
-235.736 -49.2386 149.521
-235.034 -49.0788 151.581
-234.366 -48.8753 153.508
-233.782 -48.7071 155.304
-233.379 -48.5585 157.014
-233.205 -48.3951 158.744
-233.375 -48.2417 160.469
-233.863 -48.089 162.113
-234.747 -47.9585 163.497
-235.915 -47.9062 164.372
-237.215 -47.9008 165.384
-238.599 -47.8752 166.275
-240.019 -47.8434 167.154
-241.405 -47.7623 167.884
-242.752 -47.7119 168.705
-243.934 -47.6993 169.747
-244.94 -47.6544 170.959
-245.705 -47.5673 172.3
-246.156 -47.4877 173.761
-246.262 -47.4413 175.316
-246.198 -47.2776 176.95
-245.818 -47.1369 178.582
-245.24 -46.9672 180.242
-244.502 -46.787 181.889
-243.67 -46.6149 183.586
-242.842 -46.4243 185.349
-241.973 -46.2355 187.247
-241.092 -45.9848 189.137
-240.181 -45.7228 191.126
-239.246 -45.4299 193.18
-238.289 -45.1136 195.216
-237.282 -44.8135 197.346
-236.21 -44.5027 199.496
-235.145 -44.1472 201.585
-233.913 -43.8468 203.686
-232.629 -43.4846 205.751
-231.226 -43.1633 207.769
-229.745 -42.8156 209.681
-228.256 -42.5038 211.61
-226.688 -42.1806 213.451
-225.094 -41.843 215.328
-223.533 -41.5132 217.203
-221.986 -41.2 219.014
-220.515 -40.8782 220.793
-219.019 -40.5631 222.592
-217.555 -40.2544 224.362
-216.119 -39.9403 226.117
-214.723 -39.6335 227.878
-213.384 -39.33 229.556
-212.06 -39.0467 231.24
-210.846 -38.7734 232.835
-209.676 -38.5106 234.341
-208.532 -38.2687 235.826
-207.394 -38.0219 237.296
-206.246 -37.7792 238.723
-205.047 -37.5149 240.202
-203.811 -37.2575 241.746
-202.488 -37.0088 243.288
-201.133 -36.7256 244.875
-199.714 -36.4415 246.528
-198.267 -36.1379 248.23
-196.72 -35.8507 250.001
-195.191 -35.5762 251.796
-193.644 -35.2322 253.681
-192.104 -34.8905 255.562
-190.545 -34.5752 257.462
-189.008 -34.2788 259.352
-187.504 -33.9614 261.265
-185.955 -33.6305 263.26
-184.435 -33.3302 265.277
-182.949 -33.0443 267.275
-181.468 -32.7413 269.292
-180.034 -32.4489 271.263
-178.622 -32.177 273.183
-177.237 -31.8781 275.098
-175.85 -31.5964 276.986
-174.518 -31.3181 278.817
-173.238 -31.0618 280.546
-172.02 -30.8436 282.178
-170.809 -30.6261 283.653
-169.676 -30.4273 284.948
-168.58 -30.2487 286.036
-167.419 -30.0893 286.965
-166.201 -29.9327 287.748
-164.887 -29.8198 288.265
-163.511 -29.724 288.575
-162.167 -29.7058 288.548
-160.791 -29.6776 288.291
-159.328 -29.6974 287.82
-157.889 -29.7225 287.124
-156.384 -29.7689 286.272
-154.782 -29.8236 285.264
-153.066 -29.868 284.108
-151.202 -29.9288 282.838
-149.239 -29.9719 281.466
-147.15 -30.0503 280.039
-144.986 -30.1034 278.536
-142.79 -30.1836 276.996
-140.495 -30.2396 275.369
-138.227 -30.3026 273.754
-135.961 -30.3656 272.171
-133.704 -30.4423 270.574
-131.424 -30.4953 268.979
-129.116 -30.5605 267.393
-126.804 -30.6217 265.779
-124.459 -30.6878 264.126
-122.123 -30.7796 262.483
-119.747 -30.852 260.8
-117.377 -30.9063 259.16
-115.008 -30.9966 257.498
-112.734 -31.0706 255.902
-110.446 -31.1281 254.335
-108.248 -31.1795 252.795
-106.157 -31.2251 251.314
-104.179 -31.2856 249.916
-102.313 -31.3746 248.589
-100.542 -31.4569 247.337
-98.9068 -31.5258 246.163
-97.3451 -31.6064 245.039
-95.9158 -31.6684 244.008
-94.634 -31.7267 243.091
-93.5106 -31.7845 242.282
-92.5193 -31.8334 241.583
-91.7659 -31.8776 241.052
-91.2992 -31.9079 240.722
-91.0168 -31.9235 240.533
-90.6417 -31.9345 240.271
-90.3134 -31.9501 240.033
-89.8428 -31.9707 239.711
-89.2888 -31.9905 239.346
-88.6141 -32.0278 238.867
-87.8016 -32.0512 238.332
-86.9001 -32.097 237.7
-85.8601 -32.1285 236.989
-84.6831 -32.1636 236.187
-83.3032 -32.2031 235.243
-81.756 -32.2652 234.174
-80.098 -32.3061 233.055
-78.2697 -32.318 231.809
-76.2768 -32.3451 230.441
-74.1429 -32.4109 228.975
-71.8837 -32.4839 227.403
-69.5916 -32.5353 225.786
-67.3775 -32.6037 224.226
-65.1554 -32.6411 222.633
-62.935 -32.7094 221.046
-60.8086 -32.7552 219.52
-58.6923 -32.8036 218.003
-56.6607 -32.8558 216.546
-54.7612 -32.9083 215.208
-53.0101 -32.9422 213.981
-51.4191 -32.968 212.864
-50.0526 -32.9894 211.941
-48.8862 -33.0129 211.15
-47.7807 -33.0237 210.426
-46.757 -33.0389 209.78
-45.7486 -33.0332 209.18
-44.766 -33.0294 208.641
-43.7389 -33.0032 208.116
-42.5282 -32.9685 207.631
-41.0721 -32.8947 207.243
-39.3624 -32.791 207.128
-37.4962 -32.6554 207.415
-35.6283 -32.4508 208.185
-33.6592 -32.1411 209.385
-31.7203 -31.8053 210.902
-29.6466 -31.4351 212.539
-27.4684 -31.0249 214.239
-25.2281 -30.6397 216.07
-22.9498 -30.1978 218.058
-20.5896 -29.7568 220.2
-18.2034 -29.2986 222.366
-15.7923 -28.8658 224.626
-13.4512 -28.4394 226.867
-11.1136 -28.0676 229.164
-8.71851 -27.6145 231.446
-6.27885 -27.1686 233.761
-3.81491 -26.696 236.091
-1.38955 -26.1998 238.384
0.94233 -25.736 240.623
3.31285 -25.2573 242.96
5.67333 -24.8401 245.331
8.06055 -24.3907 247.751
10.5024 -23.9401 250.205
12.8656 -23.4961 252.669
15.1643 -23.0455 255.123
17.4635 -22.5599 257.621
19.7148 -22.045 260.191
21.97 -21.5343 262.814
24.2681 -21.0229 265.557
26.4296 -20.5425 268.218
28.6993 -20.0472 271.003
30.8328 -19.5975 273.666
33.0275 -19.1369 276.376
35.2924 -18.6404 279.154
37.4928 -18.1644 281.984
39.6154 -17.6551 284.838
41.6451 -17.1637 287.655
43.6934 -16.6547 290.604
45.714 -16.1395 293.535
47.6994 -15.5989 296.51
49.652 -15.0585 299.464
51.5515 -14.4705 302.395
53.3775 -13.9297 305.266
55.1385 -13.3817 308.104
56.8498 -12.8792 310.889
58.5257 -12.334 313.624
60.12 -11.8431 316.286
61.6276 -11.3577 318.752
63.037 -10.9059 321.11
64.3759 -10.4967 323.294
65.6082 -10.113 325.244
66.7535 -9.77293 326.96
67.8091 -9.45968 328.424
68.7614 -9.20821 329.601
69.5998 -9.0003 330.526
70.2342 -8.84395 331.224
70.7775 -8.70342 331.759
71.2908 -8.59792 332.213
71.8115 -8.50574 332.594
72.3683 -8.40506 332.964
73.0643 -8.29205 333.343
73.9458 -8.15269 333.752
75.0906 -8.01629 334.121
76.2295 -7.87405 334.432
77.4639 -7.74179 334.607
78.5708 -7.67138 334.613
79.4698 -7.57061 334.618
80.2515 -7.46863 334.666
80.9446 -7.38694 334.701
81.5465 -7.33633 334.723
82.0142 -7.28181 334.747
82.3176 -7.25109 334.764
82.7184 -7.19708 334.803
83.2585 -7.14014 334.831
84.0974 -7.05202 334.866
85.1894 -6.92874 334.937
86.5145 -6.77635 335.046
88.1018 -6.6061 335.161
89.9007 -6.38031 335.25
91.6073 -6.19307 335.103
93.5697 -6.00567 334.855
95.4739 -5.85999 334.243
97.3455 -5.76862 333.195
99.0442 -5.75957 331.733
100.389 -5.83988 329.939
101.286 -6.00206 327.774
101.693 -6.26383 325.34
101.774 -6.56282 322.861
101.525 -6.91364 320.214
101.182 -7.30708 317.374
100.911 -7.69671 314.458
100.51 -8.09531 311.316
100.151 -8.50419 308.052
99.7923 -8.91313 304.645
99.4573 -9.32302 301.117
99.1193 -9.75031 297.535
98.7987 -10.1754 294.016
98.4905 -10.5833 290.585
98.122 -11.0289 287.129
97.7097 -11.4754 283.754
97.2495 -11.934 280.49
96.74 -12.3757 277.284
96.2114 -12.8149 274.155
95.6105 -13.2672 271.02
94.9328 -13.7256 267.826
94.1566 -14.1754 264.715
93.2979 -14.6623 261.513
92.387 -15.1213 258.369
91.33 -15.6089 255.111
90.1693 -16.1181 251.918
88.9161 -16.603 248.77
87.6049 -17.0662 245.712
86.216 -17.543 242.707
84.8027 -17.998 239.844
83.3149 -18.4542 237
81.757 -18.8895 234.265
80.1967 -19.3444 231.595
78.6271 -19.7607 229.003
77.0812 -20.1605 226.57
75.5351 -20.5248 224.218
73.9405 -20.9063 221.921
72.3552 -21.2601 219.695
70.7817 -21.5878 217.555
69.1686 -21.9163 215.416
67.4739 -22.2424 213.316
65.7367 -22.5675 211.217
63.8847 -22.8873 209.121
61.9961 -23.2122 207.103
60.0158 -23.5418 205.035
57.8591 -23.8753 202.949
55.5355 -24.225 200.854
53.0768 -24.5992 198.71
50.4875 -24.9753 196.606
47.7136 -25.3645 194.462
44.889 -25.7395 192.455
41.9966 -26.1267 190.511
39.0838 -26.5013 188.7
36.0088 -26.8614 186.873
32.8492 -27.239 185.135
29.5312 -27.6427 183.411
26.2713 -28.0255 181.82
22.9276 -28.4218 180.249
19.4278 -28.822 178.668
15.9333 -29.2401 177.156
12.2177 -29.6783 175.767
8.53589 -30.1224 174.35
4.71237 -30.5652 172.981
0.897706 -30.9987 171.623
-2.9389 -31.4117 170.31
-6.73461 -31.8273 169.052
-10.5278 -32.2642 167.843
-14.3055 -32.6927 166.607
-18.0802 -33.1261 165.376
-21.8225 -33.5408 164.173
-25.5903 -33.9584 162.974
-29.3241 -34.3617 161.764
-33.0487 -34.7446 160.55
-36.7116 -35.1422 159.343
-40.3666 -35.5076 158.137
-43.9463 -35.884 156.922
-47.5096 -36.2487 155.699
-51.0925 -36.6144 154.535
-54.6865 -36.9779 153.359
-58.3106 -37.3269 152.185
-61.9322 -37.6805 150.997
-65.5728 -38.0351 149.792
-69.2143 -38.3866 148.527
-72.8982 -38.7395 147.264
-76.5834 -39.0978 145.96
-80.3175 -39.4461 144.616
-84.1265 -39.8079 143.229
-87.9361 -40.1932 141.798
-91.8856 -40.5554 140.454
-95.8519 -40.9183 139.04
-99.7213 -41.3118 137.664
-103.532 -41.6885 136.32
-107.2 -42.0428 135.045
-110.623 -42.362 133.79
-113.744 -42.6677 132.613
-116.562 -42.9476 131.449
-119.125 -43.1971 130.357
-121.332 -43.4286 129.328
-123.165 -43.6262 128.368
-124.752 -43.797 127.501
-125.921 -43.9249 126.824
-126.784 -44.0263 126.323
-127.292 -44.0871 125.992
-127.563 -44.126 125.812
-127.98 -44.1728 125.566
-128.325 -44.2117 125.352
-128.81 -44.2725 125.038
-129.41 -44.3549 124.63
-130.126 -44.4419 124.106
-130.956 -44.556 123.507
-131.864 -44.6907 122.801
-132.868 -44.8282 121.995
-134.021 -44.9852 121.033
-135.333 -45.1734 119.85
-136.838 -45.4001 118.535
-138.423 -45.6163 117.137
-140.101 -45.8499 115.654
-141.777 -46.0683 114.195
-143.459 -46.286 112.752
-145.203 -46.5195 111.323
-146.903 -46.7239 110.061
-148.752 -46.9474 108.752
-150.512 -47.1406 107.595
-152.309 -47.3164 106.489
-154.2 -47.5139 105.456
-156.092 -47.7145 104.57
-157.872 -47.8945 103.854
-159.457 -48.0466 103.321
-160.897 -48.1709 102.883
-162.185 -48.2794 102.555
-163.448 -48.385 102.278
-164.676 -48.4658 102.076
-165.902 -48.5562 101.905
-167.145 -48.641 101.797
-168.369 -48.7156 101.725
-169.596 -48.7907 101.692
-170.831 -48.8714 101.7
-172.058 -48.9561 101.754
-173.31 -49.0314 101.863
-174.542 -49.1119 102.015
-175.716 -49.1743 102.189
-176.771 -49.2378 102.393
-177.734 -49.284 102.599
-178.598 -49.3254 102.801
-179.372 -49.3656 103.015
-180.059 -49.401 103.212
-180.751 -49.4326 103.429
-181.431 -49.4612 103.643
-182.127 -49.4942 103.876
-182.849 -49.5268 104.135
-183.558 -49.5575 104.398
-184.312 -49.5889 104.7
-185.182 -49.6242 105.055
-186.089 -49.6658 105.431
-187.06 -49.7047 105.842
-188.109 -49.7333 106.307
-189.303 -49.7831 106.843
-190.629 -49.8226 107.457
-191.919 -49.8604 108.057
-193.238 -49.9061 108.71
-194.568 -49.9316 109.379
-195.895 -49.9652 110.062
-197.212 -49.9985 110.716
-198.436 -50.0296 111.319
-199.585 -50.0571 111.89
-200.641 -50.0935 112.417
-201.59 -50.1153 112.89
-202.513 -50.1327 113.339
-203.43 -50.1527 113.783
-204.378 -50.1864 114.249
-205.432 -50.2165 114.762
-206.622 -50.2487 115.343
-207.959 -50.2849 116
-209.463 -50.3187 116.713
-211.041 -50.3604 117.48
-212.645 -50.3997 118.234
-214.343 -50.4579 119.053
-216.133 -50.5067 119.908
-218.055 -50.5633 120.814
-220.177 -50.6434 121.827
-222.358 -50.7064 122.851
-224.783 -50.7742 123.984
-227.267 -50.8379 125.159
-229.834 -50.8963 126.348
-232.383 -50.9456 127.558
-234.908 -50.9888 128.779
-237.491 -51.03 130.027
-239.988 -51.0726 131.234
-242.523 -51.1121 132.468
-245.032 -51.1407 133.691
-247.622 -51.1552 134.949
-250.173 -51.1665 136.19
-252.779 -51.1858 137.43
-255.221 -51.204 138.583
-257.69 -51.2181 139.736
-260.069 -51.2331 140.853
-262.389 -51.2508 142.014
-264.65 -51.266 143.172
-266.875 -51.2812 144.336
-269.032 -51.2882 145.499
-271.223 -51.2993 146.721
-273.424 -51.3003 148.024
-275.637 -51.296 149.449
-277.816 -51.3032 151.035
-279.988 -51.2972 152.775
-282.066 -51.2694 154.722
-284.088 -51.2394 156.84
-286.02 -51.2301 159.184
-287.859 -51.2131 161.735
-289.585 -51.1885 164.451
-291.253 -51.1421 167.339
-292.828 -51.0188 170.407
-294.363 -50.8816 173.559
-295.856 -50.7204 176.864
-297.301 -50.5335 180.17
-298.73 -50.3291 183.527
-300.151 -50.111 186.887
-301.528 -49.8854 190.243
-302.89 -49.6561 193.546
-304.296 -49.4279 196.904
-305.666 -49.1929 200.215
-307.019 -48.9533 203.527
-308.419 -48.7026 206.852
-309.795 -48.4684 210.157
-311.136 -48.2265 213.348
-312.482 -47.9652 216.548
-313.815 -47.7157 219.682
-315.131 -47.4652 222.774
-316.412 -47.2206 225.811
-317.64 -47.0027 228.729
-318.894 -46.7676 231.724
-320.142 -46.549 234.699
-321.415 -46.2993 237.711
-322.696 -46.0693 240.75
-323.959 -45.8381 243.813
-325.287 -45.6053 246.946
-326.626 -45.3782 250.101
-327.928 -45.1612 253.222
-329.249 -44.9386 256.345
-330.523 -44.7173 259.414
-331.775 -44.485 262.45
-333.002 -44.2567 265.393
-334.193 -44.0042 268.266
-335.398 -43.7836 271.218
-336.617 -43.5615 274.149
-337.903 -43.3209 277.185
-339.214 -43.0604 280.314
-340.533 -42.7948 283.485
-341.883 -42.5434 286.615
-343.168 -42.3 289.649
-344.4 -42.0608 292.622
-345.641 -41.8314 295.55
-346.869 -41.5987 298.421
-348.129 -41.3568 301.215
-349.35 -41.1239 303.878
-350.641 -40.899 306.497
-352.019 -40.662 309.13
-353.477 -40.4377 311.753
-355.1 -40.228 314.391
-356.839 -40.0159 317.073
-358.749 -39.8625 319.846
-360.753 -39.6748 322.701
-362.865 -39.4749 325.609
-364.978 -39.2571 328.716
-367.016 -39.0425 331.988
-369.039 -38.8232 335.399
-370.967 -38.5865 338.971
-372.751 -38.3254 342.839
-374.45 -38.0389 346.71
-375.872 -37.7512 350.773
-377.263 -37.4099 355.001
-378.434 -37.053 359.361
-379.442 -36.7114 363.744
-380.231 -36.3414 368.207
-380.883 -35.9478 372.711
-381.344 -35.5883 377.181
-381.651 -35.2121 381.673
-381.732 -34.846 386.157
-381.642 -34.4633 390.581
-381.354 -34.0744 395.027
-380.837 -33.6972 399.387
-380.114 -33.2845 403.771
-379.218 -32.9054 408.132
-378.176 -32.512 412.506
-377.067 -32.1143 416.829
-375.874 -31.7113 421.207
-374.656 -31.3299 425.43
-373.391 -30.9343 429.658
-372.149 -30.5396 433.809
-370.967 -30.1373 437.986
-369.894 -29.7507 442.034
-368.939 -29.3968 445.938
-368.224 -29.0828 449.595
-367.784 -28.7747 453.069
-367.753 -28.4772 456.426
-368.232 -28.173 459.714
-369.252 -27.914 462.813
-370.842 -27.6609 465.591
-372.949 -27.4836 468.045
-375.48 -27.3864 469.957
-378.259 -27.333 471.349
-381.417 -27.346 472.215
-384.818 -27.468 472.386
-388.206 -27.6107 471.946
-391.614 -27.7995 471.168
-395.104 -28.0631 469.875
-398.591 -28.2927 468.626
-402.385 -28.5536 467.149
-406.287 -28.7838 465.619
-410.331 -29.0252 464.05
-414.559 -29.2996 462.467
-418.904 -29.5764 460.869
-423.411 -29.8588 459.184
-427.984 -30.1229 457.543
-432.736 -30.4039 455.738
-437.589 -30.7049 453.876
-442.443 -31.0024 451.987
-447.324 -31.3184 450.047
-452.192 -31.6035 448.099
-457.133 -31.8891 446.061
-462.152 -32.1804 443.977
-467.092 -32.4597 441.774
-471.999 -32.7503 439.5
-476.764 -33.0297 437.13
-481.419 -33.2491 434.661
-486.06 -33.5194 432.074
-490.71 -33.8204 429.293
-495.119 -34.1068 426.399
-499.413 -34.392 423.34
-503.59 -34.6833 420.204
-507.783 -35.0068 416.901
-511.898 -35.3089 413.615
-515.998 -35.5679 410.333
-520.112 -35.7933 406.995
-524.176 -36.0943 403.706
-528.193 -36.4407 400.37
-532.235 -36.7901 397.028
-536.165 -37.1761 393.733
-540.071 -37.6033 390.439
-543.935 -38.0132 387.18
-547.832 -38.4101 383.892
-551.557 -38.8329 380.771
-555.308 -39.2933 377.654
-558.854 -39.7307 374.634
-562.263 -40.1353 371.681
-565.396 -40.4891 368.774
-568.309 -40.694 366.015
-570.977 -40.9092 363.344
-573.434 -41.0875 360.669
-575.68 -41.239 358.133
-577.598 -41.3477 355.719
-579.293 -41.4495 353.418
-580.692 -41.5275 351.348
-581.827 -41.6221 349.45
-582.732 -41.6992 347.828
-583.446 -41.7684 346.473
-583.936 -41.8183 345.446
-584.212 -41.8496 344.838
-584.352 -41.8603 344.554
-584.662 -41.8911 343.933
-585.077 -41.9488 343.149
-585.625 -42.0122 341.982
-586.334 -42.1226 340.396
-587.155 -42.2596 338.45
-587.907 -42.3803 336.27
-588.563 -42.5606 333.759
-589.136 -42.8024 330.958
-589.546 -43.0507 327.927
-589.711 -43.3347 324.686
-589.617 -43.6163 321.365
-589.148 -43.9072 317.959
-588.438 -44.2224 314.611
-587.473 -44.5709 311.384
-586.369 -44.9153 308.179
-585.003 -45.327 305.043
-583.609 -45.7362 301.923
-582.068 -46.1544 298.784
-580.429 -46.5638 295.693
-578.806 -46.9689 292.702
-577.13 -47.3539 289.812
-575.537 -47.7178 287.096
-573.966 -48.0637 284.471
-572.421 -48.3943 282.021
-570.973 -48.6836 279.798
-569.629 -48.949 277.771
-568.395 -49.1889 275.917
-567.279 -49.3962 274.276
-566.366 -49.5626 272.944
-565.619 -49.692 271.858
-565.077 -49.7809 271.089
-564.601 -49.8613 270.427
-564.099 -49.9629 269.701
-563.571 -50.0624 268.934
-562.942 -50.1657 268.061
-562.166 -50.2827 266.969
-561.236 -50.4226 265.631
-560.109 -50.5639 264.034
-558.82 -50.7367 262.173
-557.403 -50.9342 260.16
-555.835 -51.1184 257.957
-554.087 -51.2793 255.517
-552.124 -51.4902 252.802
-550.033 -51.7016 249.97
-547.785 -51.8773 246.959
-545.402 -52.1066 243.754
-542.851 -52.3091 240.487
-540.191 -52.5001 237.066
-537.478 -52.6915 233.411
-534.709 -52.8898 229.882
-531.887 -53.0952 226.338
-529.01 -53.2795 222.807
-526.106 -53.4712 219.229
-523.151 -53.6403 215.674
-520.159 -53.8293 212.059
-517.094 -53.9842 208.526
-513.894 -54.1855 204.754
-510.69 -54.3736 201.029
-507.449 -54.5787 197.261
-504.258 -54.7507 193.493
-501.124 -54.9208 189.739
-498.077 -55.0728 186.063
-495.125 -55.2214 182.486
-492.302 -55.3348 179.128
-489.501 -55.438 175.911
-486.681 -55.5377 172.694
-483.792 -55.626 169.539
-480.844 -55.7082 166.346
-477.837 -55.8205 163.046
-474.811 -55.905 159.679
-471.781 -56.0105 156.304
-468.781 -56.1178 152.926
-465.866 -56.2509 149.608
-463.055 -56.3567 146.386
-460.413 -56.4948 143.206
-457.965 -56.6416 140.193
-455.716 -56.7385 137.33
-453.622 -56.8555 134.626
-451.656 -56.9398 132.106
-449.771 -57.0194 129.732
-447.92 -57.1036 127.452
-446.085 -57.1775 125.234
-444.196 -57.2548 123.016
-442.226 -57.3144 120.811
-440.213 -57.3618 118.679
-438.145 -57.427 116.591
-436.009 -57.4878 114.628
-433.761 -57.5272 112.77
-431.472 -57.5461 111.039
-429.068 -57.5518 109.442
-426.548 -57.5517 107.95
-423.88 -57.5372 106.594
-421.151 -57.5076 105.404
-418.278 -57.4614 104.353
-415.361 -57.402 103.461
-412.374 -57.2922 102.727
-409.344 -57.2292 102.146
-406.247 -57.1299 101.68
-403.133 -57.0295 101.299
-399.996 -56.9156 101.024
-396.702 -56.7876 100.811
-393.485 -56.6552 100.652
-390.161 -56.4981 100.568
-386.806 -56.3703 100.45
-383.483 -56.2486 100.365
-380.12 -56.1181 100.277
-376.789 -55.9897 100.192
-373.496 -55.8857 100.122
-370.248 -55.7737 100.077
-366.97 -55.6743 100.012
-363.645 -55.5841 99.9646
-360.309 -55.4986 99.9258
-356.943 -55.4146 99.881
-353.608 -55.3222 99.8331
-350.208 -55.2494 99.775
-346.88 -55.1986 99.7248
-343.563 -55.1188 99.708
-340.186 -55.0429 99.6741
-336.859 -54.9697 99.637
-333.626 -54.902 99.5738
-330.407 -54.8269 99.5244
-327.176 -54.7585 99.4831
-324.004 -54.6993 99.4537
-320.77 -54.6573 99.4471
-317.633 -54.645 99.4335
-314.514 -54.6791 99.4399
-311.41 -54.7298 99.4677
-308.353 -54.7975 99.5775
-305.285 -54.8428 99.7749
-302.276 -54.8998 100.055
-299.397 -54.9008 100.434
-296.582 -54.8979 100.892
-293.884 -54.8924 101.383
-291.307 -54.8362 101.895
-288.865 -54.7705 102.407
-286.501 -54.7031 102.896
-284.254 -54.6128 103.334
-282.088 -54.556 103.746
-280.019 -54.5159 104.01
-278.074 -54.4068 104.296
-276.304 -54.3438 104.506
-274.818 -54.2818 104.622
-273.568 -54.2499 104.707
-272.582 -54.2083 104.789
-271.834 -54.1915 104.803
-271.389 -54.1722 104.814
-270.967 -54.1594 104.818
-270.505 -54.1409 104.834
-269.661 -54.1312 104.849
-268.448 -54.0958 104.87
-266.897 -54.0913 104.785
-265.133 -54.087 104.654
-263.324 -54.0885 104.274
-261.347 -54.0596 103.742
-259.315 -54.0219 102.998
-257.224 -54.0434 102.016
-255.291 -54.1004 100.861
-253.452 -54.1356 99.5462
-251.885 -54.2229 97.9667
-250.548 -54.3434 96.2941
-249.664 -54.486 94.3302
-249.05 -54.6991 92.3163
-248.771 -54.8737 90.2538
-248.811 -55.0925 88.0559
-249.02 -55.3524 85.7976
-249.352 -55.6045 83.4139
-249.708 -55.8741 80.9037
-250.132 -56.1068 78.3799
-250.706 -56.3822 75.7606
-251.404 -56.7099 73.0834
-252.144 -57.0405 70.3386
-252.933 -57.3677 67.3799
-253.731 -57.6997 64.4405
-254.608 -58.0572 61.2992
-255.417 -58.4654 58.2847
-256.32 -58.7723 55.0339
-257.185 -59.1217 51.9464
-258.066 -59.501 48.843
-258.982 -59.835 45.677
-259.92 -60.2095 42.5376
-260.857 -60.5462 39.4039
-261.793 -60.9017 36.289
-262.719 -61.2403 33.1059
-263.635 -61.5534 29.9242
-264.562 -61.9091 26.7587
-265.479 -62.3002 23.6556
-266.37 -62.6199 20.5502
-267.25 -62.9381 17.5075
-268.067 -63.2267 14.6045
-268.94 -63.4625 11.6678
-269.721 -63.7025 8.72272
-270.46 -63.9874 5.81206
-271.163 -64.2669 2.72726
-271.841 -64.5717 -0.443458
-272.574 -64.8816 -3.76634
-273.396 -65.1923 -7.28222
-274.292 -65.5399 -10.9249
-275.25 -65.8876 -14.7143
-276.295 -66.2604 -18.6166
-277.382 -66.62 -22.6174
-278.495 -67.0074 -26.7246
-279.648 -67.3981 -30.8508
-280.808 -67.7902 -35.0593
-282.018 -68.18 -39.3318
-283.2 -68.5642 -43.6059
-284.321 -68.9494 -47.9263
-285.431 -69.3882 -52.3451
-286.54 -69.83 -56.7348
-287.666 -70.2818 -61.195
-288.813 -70.7591 -65.7143
-289.939 -71.1805 -70.2334
-291.115 -71.6343 -74.8322
-292.314 -72.1039 -79.4854
-293.524 -72.6013 -84.1608
-294.73 -73.0798 -88.8418
-295.971 -73.5359 -93.6325
-297.214 -73.9987 -98.4336
-298.436 -74.473 -103.213
-299.662 -74.9337 -108
-300.925 -75.4226 -112.84
-302.171 -75.8981 -117.654
-303.451 -76.3665 -122.524
-304.714 -76.8483 -127.379
-305.954 -77.3006 -132.202
-307.196 -77.7689 -136.939
-308.4 -78.2404 -141.68
-309.645 -78.7218 -146.447
-310.887 -79.2167 -151.234
-312.115 -79.6784 -155.988
-313.352 -80.1283 -160.754
-314.597 -80.6016 -165.513
-315.827 -81.0289 -170.293
-317.074 -81.4631 -174.992
-318.341 -81.8829 -179.784
-319.572 -82.2968 -184.489
-320.801 -82.7227 -189.247
-321.971 -83.1286 -193.995
-323.141 -83.549 -198.759
-324.246 -83.9191 -203.511
-325.328 -84.3405 -208.243
-326.357 -84.7783 -212.873
-327.382 -85.1864 -217.521
-328.404 -85.6374 -222.129
-329.392 -86.0394 -226.658
-330.323 -86.4088 -231.032
-331.239 -86.789 -235.382
-332.09 -87.1141 -239.572
-332.897 -87.4296 -243.627
-333.571 -87.7232 -247.449
-334.189 -87.9978 -251.369
-334.672 -88.2796 -255.034
-335.074 -88.5296 -258.557
-335.438 -88.736 -261.903
-335.723 -88.9474 -265.055
-335.968 -89.1348 -268.013
-336.191 -89.3244 -270.724
-336.38 -89.4705 -273.175
-336.523 -89.6053 -275.414
-336.648 -89.718 -277.398
-336.738 -89.8165 -279.144
-336.815 -89.905 -280.598
-336.871 -89.9758 -281.813
-336.923 -90.0303 -282.745
-336.952 -90.0689 -283.461
-336.976 -90.097 -284.003
-337.004 -90.1252 -284.438
-337.017 -90.146 -284.845
-337.051 -90.1803 -285.598
-337.099 -90.2438 -286.601
-337.202 -90.3361 -288.033
-337.35 -90.4438 -289.867
-337.495 -90.5568 -291.852
-337.561 -90.6579 -293.786
-337.5 -90.7648 -295.652
-337.255 -90.8464 -297.438
-336.743 -90.91 -299.059
-335.935 -90.9689 -300.421
-334.901 -90.9423 -301.494
-333.692 -90.8946 -302.161
-332.29 -90.8114 -302.554
-330.728 -90.6061 -302.625
-329.061 -90.4048 -302.449
-327.29 -90.1618 -302.004
-325.348 -89.892 -301.486
-323.176 -89.6321 -300.928
-320.816 -89.3103 -300.361
-318.359 -88.9651 -299.874
-315.73 -88.6259 -299.488
-312.995 -88.2587 -299.101
-310.244 -87.9113 -298.782
-307.538 -87.5939 -298.489
-304.979 -87.2733 -298.155
-302.596 -86.9829 -297.748
-300.35 -86.662 -297.055
-298.264 -86.3454 -296.116
-296.296 -86.0463 -294.927
-294.511 -85.7283 -293.534
-292.95 -85.4456 -291.953
-291.571 -85.1641 -290.193
-290.475 -84.9173 -288.364
-289.46 -84.661 -286.646
-288.493 -84.4632 -285.032
-287.361 -84.2538 -283.561
-286.026 -84.0682 -282.322
-284.508 -83.8821 -281.335
-282.854 -83.6791 -280.433
-281.105 -83.5045 -279.962
-279.117 -83.2954 -279.728
-277.124 -83.1372 -279.629
-274.953 -82.9265 -279.694
-272.672 -82.6938 -279.797
-270.313 -82.4504 -279.896
-267.858 -82.2099 -280.035
-265.355 -81.9644 -280.167
-262.736 -81.7184 -280.308
-260.092 -81.4674 -280.446
-257.364 -81.174 -280.574
-254.675 -80.9081 -280.691
-252.074 -80.6033 -280.851
-249.491 -80.348 -281.031
-247.029 -80.0902 -281.208
-244.735 -79.8286 -281.339
-242.589 -79.5677 -281.503
-240.588 -79.3098 -281.624
-238.751 -79.0968 -281.717
-237.045 -78.8557 -281.788
-235.5 -78.6511 -281.811
-234.163 -78.46 -281.792
-232.92 -78.2653 -281.724
-231.743 -78.0761 -281.609
-230.655 -77.8965 -281.423
-229.656 -77.7005 -281.084
-228.759 -77.5166 -280.603
-227.929 -77.3314 -280.023
-227.305 -77.1738 -279.315
-226.666 -77.0038 -278.438
-226.066 -76.8083 -277.34
-225.521 -76.605 -275.884
-225.009 -76.3948 -274.264
-224.535 -76.1645 -272.465
-224.084 -75.9345 -270.558
-223.551 -75.6981 -268.497
-223.019 -75.4228 -266.269
-222.46 -75.1345 -263.891
-221.84 -74.8482 -261.4
-221.183 -74.5138 -258.762
-220.468 -74.1598 -256.007
-219.714 -73.7865 -253.159
-218.968 -73.4019 -250.25
-218.163 -73.0094 -247.252
-217.319 -72.5922 -244.156
-216.411 -72.1785 -240.949
-215.456 -71.7231 -237.679
-214.524 -71.2842 -234.338
-213.539 -70.8776 -230.969
-212.512 -70.4371 -227.455
-211.509 -70.0056 -223.933
-210.493 -69.6019 -220.358
-209.517 -69.192 -216.937
-208.446 -68.7805 -213.256
-207.421 -68.3849 -209.617
-206.372 -68.0027 -205.904
-205.356 -67.6269 -202.211
-204.354 -67.2351 -198.562
-203.333 -66.8503 -194.935
-202.343 -66.3788 -191.32
-201.324 -65.8811 -187.736
-200.319 -65.3301 -184.162
-199.317 -64.7584 -180.57
-198.353 -64.2083 -176.987
-197.414 -63.6384 -173.413
-196.435 -63.0666 -169.785
-195.522 -62.562 -166.121
-194.62 -62.0235 -162.439
-193.694 -61.4855 -158.633
-192.777 -60.9982 -154.922
-191.861 -60.4602 -151.147
-190.942 -59.9282 -147.356
-190.033 -59.3937 -143.593
-189.091 -58.8946 -139.811
-188.15 -58.399 -136.008
-187.226 -57.8929 -132.199
-186.363 -57.3884 -128.416
-185.505 -56.9344 -124.732
-184.625 -56.4296 -121.136
-183.745 -55.9902 -117.656
-182.864 -55.576 -114.235
-182.015 -55.1385 -110.92
-181.178 -54.7271 -107.727
-180.369 -54.3597 -104.59
-179.528 -53.9855 -101.542
-178.717 -53.681 -98.5686
-177.92 -53.3561 -95.6506
-177.17 -53.0665 -92.8361
-176.457 -52.7651 -90.0247
-175.804 -52.4551 -87.2953
-175.15 -52.1526 -84.6632
-174.472 -51.87 -82.1033
-173.728 -51.6108 -79.6663
-172.853 -51.3398 -77.3919
-171.79 -51.0663 -75.4481
-170.568 -50.8119 -73.9719
-169.353 -50.5381 -73.0126
-168.129 -50.2572 -72.4584
-166.975 -50.0443 -72.2725
-166.012 -49.8618 -72.2842
-165.032 -49.7452 -72.4977
-164.057 -49.5895 -72.8232
-163.104 -49.4601 -73.2833
-162.144 -49.3204 -73.8354
-161.139 -49.2057 -74.5043
-160.148 -49.0106 -75.1616
-159.139 -48.8953 -75.8816
-158.089 -48.6827 -76.5726
-157.019 -48.5026 -77.2751
-155.92 -48.3193 -77.9514
-154.738 -48.0992 -78.567
-153.529 -47.891 -79.1162
-152.229 -47.6257 -79.5779
-150.868 -47.3599 -79.9169
-149.42 -47.0785 -80.1447
-147.774 -46.7836 -80.1582
-146.223 -46.4144 -80.0146
-144.635 -46.0238 -79.6142
-143.144 -45.6487 -79.0653
-141.772 -45.2713 -78.2855
-140.468 -44.9123 -77.4266
-139.301 -44.5788 -76.4613
-138.184 -44.2036 -75.4555
-137.116 -43.8478 -74.3962
-136.117 -43.4767 -73.1866
-135.219 -43.1586 -71.9149
-134.352 -42.8278 -70.5556
-133.629 -42.5119 -69.0963
-132.935 -42.1685 -67.4931
-132.303 -41.8665 -65.7688
-131.792 -41.5752 -63.8975
-131.376 -41.304 -61.9594
-130.962 -41.0364 -60.0652
-130.556 -40.7861 -58.2016
-130.137 -40.5314 -56.3567
-129.657 -40.2329 -54.4089
-129.171 -39.9122 -52.3132
-128.597 -39.6259 -50.1899
-127.999 -39.2958 -47.9892
-127.433 -38.9704 -45.8418
-126.888 -38.6261 -43.7555
-126.369 -38.2096 -41.6886
-125.827 -37.7739 -39.5438
-125.197 -37.318 -37.3604
-124.532 -36.8532 -35.2772
-123.794 -36.3847 -33.1722
-123.015 -35.9268 -31.071
-122.299 -35.5659 -29.0736
-121.455 -35.0884 -27.1421
-120.611 -34.65 -25.1949
-119.756 -34.1584 -23.2827
-118.842 -33.6707 -21.353
-117.865 -33.1757 -19.309
-116.689 -32.6525 -17.2819
-115.436 -32.0999 -15.2507
-114.077 -31.5626 -13.1568
-112.661 -30.9279 -11.132
-111.166 -30.3499 -9.08714
-109.66 -29.7142 -7.05277
-108.068 -29.0436 -5.06895
-106.456 -28.3914 -3.10628
-104.81 -27.7111 -1.18773
-103.097 -27.07 0.701049
-101.403 -26.3703 2.56521
-99.6896 -25.6447 4.40064
-97.9515 -24.9488 6.18981
-96.1255 -24.2636 7.96524
-94.3088 -23.525 9.70323
-92.3372 -22.8455 11.6455
-90.438 -22.197 13.5008
-88.4465 -21.5671 15.4402
-86.394 -20.9351 17.4305
-84.3115 -20.3218 19.413
-82.1766 -19.7103 21.5092
-80.1571 -19.1579 23.5528
-78.1714 -18.6321 25.5586
-76.2575 -18.1095 27.5411
-74.3287 -17.6325 29.5258
-72.3328 -17.1431 31.3949
-70.3059 -16.671 33.1589
-68.1919 -16.1923 34.946
-66.159 -15.7702 36.6093
-64.0146 -15.2235 38.2298
-61.9093 -14.7488 39.86
-59.8491 -14.2404 41.4387
-57.8214 -13.7721 42.9242
-55.8176 -13.2767 44.3685
-53.8943 -12.7278 45.8293
-52.0206 -12.2012 47.2312
-50.1549 -11.6758 48.5643
-48.2835 -11.1505 49.6897
-46.3495 -10.6417 50.6569
-44.3529 -10.1491 51.4493
-42.344 -9.65362 52.0691
-40.2507 -9.14348 52.4829
-38.166 -8.65597 52.6385
-36.1516 -8.22177 52.4314
-34.1457 -7.76016 51.9001
-32.2404 -7.34363 51.1223
-30.4634 -6.94431 50.1702
-28.9027 -6.5589 48.9702
-27.5868 -6.2136 47.6131
-26.4545 -5.90542 46.0703
-25.4469 -5.62842 44.4427
-24.5173 -5.3609 42.6068
-23.669 -5.08834 40.6696
-22.8484 -4.9414 38.5799
-22.0425 -4.70893 36.448
-21.2288 -4.43882 34.2083
-20.4255 -4.20551 31.8827
-19.7301 -4.01939 29.6597
-19.1496 -3.83446 27.5877
-18.6577 -3.70691 25.6997
-18.2405 -3.61036 23.7879
-17.8318 -3.50447 22.0067
-17.4828 -3.39162 20.1923
-17.1484 -3.32852 18.5582
-16.7951 -3.28338 17.0339
-16.3602 -3.25402 15.6653
-15.8484 -3.2192 14.4121
-15.196 -3.18016 13.3425
-14.4749 -3.1355 12.4987
-13.6939 -3.07753 11.9133
-12.8392 -2.99437 11.5246
-11.9096 -2.92974 11.3876
-11.0037 -2.85557 11.4023
-10.12 -2.78787 11.5777
-9.28638 -2.73625 11.9463
-8.45551 -2.69114 12.4261
-7.61359 -2.65362 13.0554
-6.88794 -2.58467 13.8358
-6.11287 -2.56802 14.5871
-5.41058 -2.50503 15.3669
-4.66758 -2.45502 16.0824
-3.91943 -2.42161 16.7236
-3.08837 -2.37499 17.2431
-2.18677 -2.31948 17.7235
-1.174 -2.26874 18.0844
-0.138089 -2.23815 18.3425
0.860873 -2.21101 18.5381
1.83435 -2.18004 18.6118
2.66795 -2.15601 18.701
3.33838 -2.13141 18.6942
3.86655 -2.13059 18.7378
4.24058 -2.10596 18.7447
4.57734 -2.09991 18.7767
4.91534 -2.10085 18.805
5.24544 -2.09058 18.8515
5.71939 -2.07586 18.9031
